1	0	5.71	
2	0	5.54	
3	0	5.58	
4	0	5.63	
5	0	5.67	
6	0	5.5	
7	0	5.32	
8	0	5.34	
9	0	5.35	
10	0	5.37	
11	0	5.39	
12	0	5.41	
13	0	5.43	
14	0	5.45	
15	0	5.46	
16	0	5.48	
17	0	5.3	
18	0	5.2	
19	0	5.1	
20	0	4.95	
21	0	5	
22	0	5.05	
23	0	4.9	
24	0	4.72	
25	0	4.72	
26	0	4.72	
27	0	4.72	
28	0	4.72	
29	0	4.72	
30	0	4.72	
31	0	4.72	
32	0	4.72	
33	0	4.72	
34	0	4.72	
35	0	4.72	
36	0	4.72	
37	0	4.72	
38	0	4.72	
39	0	4.72	
40	0	4.55	
41	0	4.57	
42	0	4.59	
43	0	4.61	
44	0	4.64	
45	0	4.66	
46	0	4.68	
47	0	4.7	
48	0	4.53	
49	0	4.53	
50	0	4.53	
51	0	4.53	
52	0	4.53	
53	0	4.53	
54	0	4.53	
55	0	4.53	
56	0	4.53	
57	0	4.53	
58	0	4.53	
59	0	4.53	
60	0	4.53	
61	0	4.53	
62	0	4.53	
63	0	4.37	
64	0	4.39	
65	0	4.4	
66	0	4.42	
67	0	4.44	
68	0	4.46	
69	0.683333	4.48	
70	1.266667	4.49	
71	0.183333	4.51	
72	0.033333	4.35	
73	0.316667	4.35	
74	0.283333	4.35	
75	0	4.35	
76	0	4.35	
77	0	4.35	
78	0.083333	4.35	
79	0	4.35	
80	0.766667	4.18	
81	0	4.19	
82	0	4.2	
83	0	4.21	
84	0	4.22	
85	0	4.23	
86	0	4.24	
87	0	4.25	
88	0	4.27	
89	0	4.28	
90	0	4.29	
91	0	4.3	
92	0	4.31	
93	0	4.32	
94	0	4.33	
95	0	4.34	
96	0	4.17	
97	0	4.17	
98	0	4.17	
99	0	4.17	
100	0	4.17	
101	0	4.17	
102	0	4.17	
103	1	4.17	
104	1.333333	4.17	
105	0.233333	4.01	
106	0	4.02	
107	0.166667	4.03	
108	0.083333	4.04	
109	0	4.05	
110	0.05	4.06	
111	0	4.07	
112	0	4.09	
113	0	4.1	
114	0	4.11	
115	0	4.12	
116	0	4.13	
117	0	4.14	
118	0	4.15	
119	0	4.16	
120	0	4	
121	0	4	
122	0	4	
123	0	4	
124	0	4	
125	0	4	
126	0	3.85	
127	0	3.86	
128	0	3.87	
129	0	3.87	
130	0	3.88	
131	0	3.89	
132	0	3.9	
133	0	3.91	
134	0	3.92	
135	0	3.92	
136	1.083333	3.93	
137	0	3.94	
138	0	3.95	
139	0	3.96	
140	2	3.97	
141	0	3.97	
142	0	3.98	
143	0	3.99	
144	0	3.84	
145	0	3.84	
146	0	3.84	
147	0	3.84	
148	0	3.84	
149	0	3.84	
150	0	3.84	
151	0	3.84	
152	0	3.84	
153	0	3.84	
154	0	3.84	
155	0	3.84	
156	0	3.84	
157	0	3.84	
158	0	3.84	
159	0	3.84	
160	0	3.69	
161	0	3.71	
162	0	3.73	
163	0	3.75	
164	0	3.76	
165	0	3.78	
166	0	3.8	
167	0	3.82	
168	0	3.67	
169	0	3.67	
170	0	3.67	
171	0	3.67	
172	0	3.67	
173	0	3.67	
174	0	3.53	
175	0	3.54	
176	0	3.55	
177	0	3.56	
178	0	3.57	
179	0	3.58	
180	0	3.59	
181	0	3.6	
182	0	3.61	
183	0	3.62	
184	0	3.63	
185	0	3.64	
186	0	3.65	
187	0	3.66	
188	0	3.52	
189	0	3.4	
190	0	3.44	
191	0	3.48	
192	0	3.36	
193	0	3.36	
194	0	3.36	
195	0	3.36	
196	0	3.36	
197	0	3.36	
198	0	3.36	
199	0	3.36	
200	0	3.36	
201	0	3.36	
202	0	3.36	
203	0	3.36	
204	0	3.36	
205	0	3.36	
206	0	3.36	
207	0	3.36	
208	0	3.36	
209	0	3.36	
210	0	3.36	
211	0	3.36	
212	0	3.36	
213	0	3.36	
214	0	3.36	
215	0	3.36	
216	0	3.36	
217	0	3.36	
218	0	3.36	
219	0	3.36	
220	0	3.36	
221	0	3.36	
222	0	3.36	
223	0	3.36	
224	0	3.36	
225	0	3.36	
226	0	3.36	
227	0	3.36	
228	0	3.36	
229	0	3.36	
230	0	3.36	
231	0	3.36	
232	0	3.36	
233	0	3.36	
234	0	3.36	
235	0	3.36	
236	0	3.36	
237	0	3.36	
238	0	3.36	
239	0	3.36	
240	0	3.36	
241	0	3.22	
242	0	3.22	
243	0	3.23	
244	0	3.24	
245	0	3.24	
246	0	3.25	
247	0	3.26	
248	0	3.26	
249	0	3.27	
250	0	3.28	
251	0	3.29	
252	0	3.29	
253	0	3.3	
254	0	3.31	
255	0	3.31	
256	0	3.32	
257	0	3.33	
258	0	3.33	
259	3.1	3.34	
260	5.4	3.35	
261	3.066667	3.35	
262	0.5	3.21	
263	0.583333	3.29	
264	0	3.36	
265	0	3.36	
266	0	3.48	
267	0	3.44	
268	4	3.4	
269	0	3.52	
270	0	3.65	
271	0.083333	3.64	
272	0.583333	3.62	
273	0.833333	3.6	
274	0.833333	3.59	
275	2.2	3.57	
276	0.333333	3.55	
277	0.083333	3.54	
278	0	3.67	
279	0	3.76	
280	0	3.84	
281	4.3	3.98	
282	0.483333	3.96	
283	0	3.94	
284	0	3.92	
285	0	3.9	
286	0	3.88	
287	0	3.86	
288	0	4	
289	0	4	
290	0	4	
291	0	4	
292	0	4	
293	0	4	
294	0	4	
295	0	4	
296	0	4	
297	0	4	
298	0	4	
299	0	4	
300	0	4.17	
301	0	7.56	
302	0	13.69	
303	0	26.4	
304	0	28.65	
305	0	27.51	
306	0	25.86	
307	0	25.32	
308	0	23.75	
309	0	22.24	
310	0	21.3	
311	0	20.79	
312	0	20.32	
313	0.5	19.8	
314	0.033333	19.4	
315	0	18.51	
316	0.05	17.64	
317	0.333333	16.8	
318	0	15.98	
319	0	15.59	
320	0	14.81	
321	0	13.33	
322	0	12.97	
323	0	12.74	
324	0	12.85	
325	0	12.62	
326	0	12.45	
327	0	12.28	
328	0.333333	12.11	
329	0	11.94	
330	0	11.66	
331	0.833333	11.72	
332	0	11.77	
333	0	11.83	
334	0	11.88	
335	0.166667	11.61	
336	0.416667	11.28	
337	0	11.28	
338	0	11.28	
339	0.166667	10.96	
340	0.166667	10.65	
341	0.5	10.34	
342	1.3	10.55	
343	0.083333	10.44	
344	0	10.65	
345	0	10.34	
346	0	10.14	
347	0	10.24	
348	0	10.04	
349	0	9.74	
350	0	9.35	
351	0	9.55	
352	0	9.16	
353	0	8.97	
354	0	9.07	
355	0	8.88	
356	0	8.68	
357	0.083333	8.74	
358	0	8.81	
359	0.083333	8.61	
360	0	8.34	
361	0.166667	8.34	
362	0	8.34	
363	0	8.34	
364	0	8.12	
365	0	8.18	
366	0.633333	8.23	
367	0.2	8.29	
368	0.233333	8.07	
369	0	7.86	
370	0	7.91	
371	0.15	7.97	
372	0.1	8.02	
373	0.083333	7.81	
374	0	7.59	
375	0	7.62	
376	0	7.64	
377	0	7.67	
378	0.416667	7.7	
379	0.25	7.73	
380	0.25	7.75	
381	0	7.78	
382	0	7.56	
383	0	7.43	
384	0	7.31	
385	0	7.31	
386	0	7.31	
387	0	7.31	
388	0	7.1	
389	0.5	7.12	
390	0.083333	7.15	
391	0.083333	7.18	
392	0	7.2	
393	0	7.23	
394	0	7.26	
395	0	7.28	
396	0.166667	7.07	
397	0	6.91	
398	0	6.99	
399	0	6.83	
400	0	6.71	
401	0.333333	6.59	
402	2.416667	6.4	
403	0.833333	6.43	
404	0.583333	6.46	
405	0	6.5	
406	0	6.53	
407	0	6.56	
408	0	6.37	
409	0	6.37	
410	0	6.37	
411	0	6.37	
412	0	6.37	
413	0	6.37	
414	0	6.37	
415	0	6.37	
416	0	6.37	
417	0	6.37	
418	0	6.37	
419	0	6.37	
420	0	6.37	
421	0	6.37	
422	0	6.37	
423	0	6.37	
424	0.583333	6.37	
425	0.166667	6.37	
426	0	6.18	
427	3.166667	6.22	
428	0	6.26	
429	0	6.29	
430	1.833333	6.33	
431	0.233333	6.14	
432	0	5.92	
433	0	5.92	
434	0	5.92	
435	0	5.92	
436	0	5.75	
437	0	5.79	
438	0	5.84	
439	0	5.88	
440	0	5.71	
441	0	5.57	
442	0	5.64	
443	0	5.5	
444	0	5.32	
445	0	5.33	
446	0	5.35	
447	0	5.36	
448	0	5.38	
449	0	5.39	
450	0	5.41	
451	0	5.42	
452	0	5.44	
453	0	5.45	
454	0	5.47	
455	0	5.48	
456	0	5.3	
457	0	5.3	
458	0	5.3	
459	0	5.3	
460	0	5.13	
461	0	5.15	
462	0	5.18	
463	0	5.2	
464	0	5.22	
465	0.5	5.25	
466	0.25	5.28	
467	0	5.1	
468	0	4.92	
469	3.333333	4.93	
470	5.666667	4.95	
471	1.583333	4.96	
472	0.083333	4.98	
473	0.15	4.99	
474	0.133333	5.01	
475	0.2	5.02	
476	0.416667	5.04	
477	0.083333	5.05	
478	0.566667	5.07	
479	0.666667	5.08	
480	0	4.9	
481	0	4.9	
482	0	4.9	
483	0	4.9	
484	0	4.9	
485	0	4.9	
486	0	4.9	
487	0	4.9	
488	0.066667	4.9	
489	0.333333	4.9	
490	0.133333	4.9	
491	0.033333	4.9	
492	1	4.9	
493	0	4.9	
494	5.5	4.9	
495	0.666667	4.9	
496	0.916667	4.9	
497	0.083333	4.9	
498	1.833333	4.9	
499	0.083333	4.9	
500	0.25	4.9	
501	1	4.9	
502	0.133333	4.9	
503	0	4.9	
504	0	4.9	
505	0	4.9	
506	0	4.9	
507	0.583333	5	
508	0	5.1	
509	0	5.25	
510	0	5.2	
511	0	5.15	
512	0	5.3	
513	0	5.4	
514	0	5.5	
515	0	5.68	
516	0.166667	5.64	
517	0.666667	5.61	
518	1.833333	5.57	
519	7.666667	5.53	
520	3.083333	5.71	
521	0.25	5.92	
522	0.333333	24.79	
523	0	33.51	
524	0.5	26.95	
525	0	24.26	
526	0.333333	22.24	
527	0	18.95	
528	0	16.39	
529	0	14.06	
530	0	11.28	
531	0	13.69	
532	0	14.25	
533	0	14.81	
534	0	22.24	
535	0.583333	20.32	
536	0	19.4	
537	0	19.1	
538	0	19.25	
539	0.166667	18.95	
540	0	19.4	
541	0.066667	19.85	
542	0	18.51	
543	3	18.07	
544	1.416667	17.22	
545	3.066667	16.39	
546	0.233333	16.8	
547	0.5	19.85	
548	0.166667	22.24	
549	0.4	23.24	
550	2.233333	22.24	
551	1.466667	20.32	
552	0.333333	17.22	
553	0.566667	15.19	
554	0.166667	14.43	
555	0.1	13.69	
556	0	13.33	
557	0	12.62	
558	0	15.4	
559	0	13.69	
560	0	15.59	
561	0	15.98	
562	0	17.64	
563	0	18.51	
564	0	18.95	
565	2.833333	19.4	
566	0.166667	43.19	
567	0	45.46	
568	0	45	
569	0	45.8	
570	1.333333	45.6	
571	0.65	46.3	
572	1.15	47.2	
573	0.366667	46.7	
574	0	45.6	
575	0	45.8	
576	0	45.46	
577	0	42.44	
578	0	37.47	
579	0	34.8	
580	0.166667	32.88	
581	0.083333	30.42	
582	0	29.23	
583	0	27.51	
584	0.7	26.4	
585	0.4	23.75	
586	0	24.79	
587	0	23.24	
588	0	22.24	
589	0	21.75	
590	0	21.26	
591	0.166667	20.32	
592	0	19.85	
593	0	18.95	
594	0	18.51	
595	0	17.64	
596	0	16.8	
597	0.166667	16.39	
598	0.566667	15.98	
599	0	15.78	
600	0	15.59	
601	0	15.29	
602	0	15.39	
603	0	15.49	
604	0	15.19	
605	0	15	
606	0	14.81	
607	0	14.62	
608	0.166667	14.43	
609	0	14.06	
610	0	13.69	
611	0	13.51	
612	0	13.33	
613	0	12.97	
614	0	12.62	
615	0	12.28	
616	0	12	
617	0	11.14	
618	0	11.94	
619	0	11.61	
620	0	11.36	
621	0	11.44	
622	0	11.53	
623	0	11.28	
624	0	10.96	
625	0	10.96	
626	0	10.96	
627	0	10.96	
628	0	10.75	
629	0	10.86	
630	0	10.65	
631	0	10.49	
632	0	10.34	
633	0	10.14	
634	0	10.24	
635	0	10.04	
636	0	9.89	
637	0	9.74	
638	0	9.52	
639	0	9.6	
640	0	9.67	
641	0	9.45	
642	0	9.21	
643	0	9.26	
644	0	9.31	
645	0	9.35	
646	0	9.4	
647	0	9.16	
648	0	8.88	
649	0	8.88	
650	0	8.88	
651	0	8.65	
652	0	8.7	
653	0	8.74	
654	0	8.79	
655	0	8.84	
656	0	8.61	
657	0	8.39	
658	0	8.45	
659	0	8.5	
660	0	8.56	
661	0	8.34	
662	0	8.09	
663	0	8.12	
664	0	8.14	
665	0	8.17	
666	0	8.19	
667	0	8.22	
668	0	8.24	
669	0	8.27	
670	0	8.29	
671	0	8.32	
672	0	8.07	
673	0	8.07	
674	0	8.07	
675	0	7.88	
676	0	7.94	
677	0	8.01	
678	0	7.81	
679	1.583333	7.62	
680	0.583333	7.68	
681	0	7.75	
682	1.2	7.56	
683	0.85	7.39	
684	1.033333	7.48	
685	0.233333	7.31	
686	0	7.48	
687	0.666667	7.39	
688	8.166667	7.56	
689	22.66667	7.81	
690	7.833333	7.94	
691	5.733333	8.07	
692	12.4	8.48	
693	10.33333	8.88	
694	5.833333	10.34	
695	6.166667	23.75	
696	13.16667	31.02	
697	22	59.76	
698	15	60.68	
699	7.75	62.54	
700	3.833333	1157.8	
701	1.833333	1169.48	
702	3.983333	1204.9	
703	1.666667	1234.93	
704	0	1392.06	
705	0	1253.16	
706	0	1045.17	
707	0.333333	817.39	
708	0	603.9	
709	0	413.68	
710	0	226.34	
711	0	148.57	
712	0	111.57	
713	0	99.83	
714	0	84.29	
715	0	77.66	
716	0	72.39	
717	0	65.41	
718	0	61.61	
719	0	58.86	
720	0	56.18	
721	0	51.89	
722	0	48.61	
723	0	45.46	
724	0	42.44	
725	0	40.26	
726	0	38.85	
727	0	36.79	
728	0	35.46	
729	0	34.15	
730	0	33.83	
731	0	33.51	
732	0	32.88	
733	0	30.42	
734	0	27.51	
735	0	26.95	
736	0	26.68	
737	0	26.4	
738	0	25.86	
739	0.1	25.32	
740	0.066667	25.06	
741	0	24.79	
742	0.333333	24.26	
743	0.166667	23.24	
744	0	22.24	
745	0	21.75	
746	0	21.26	
747	0	20.79	
748	0	20.32	
749	0	19.85	
750	0	19.4	
751	0	18.51	
752	0	18.07	
753	0	17.85	
754	0	17.64	
755	0	17.22	
756	0	17.01	
757	0	16.8	
758	0	16.59	
759	0	16.39	
760	0	16.18	
761	1.166667	15.98	
762	0	15.78	
763	0.066667	15.59	
764	0.066667	15.19	
765	0.066667	17.22	
766	0.316667	14.81	
767	1.216667	17.64	
768	0.2	16.8	
769	12.83333	16.59	
770	1.166667	16.39	
771	0.166667	125.57	
772	0.166667	118.44	
773	0	80.93	
774	0.166667	65.41	
775	0.666667	55.3	
776	1.166667	45.46	
777	0.166667	38.85	
778	0.083333	33.51	
779	0	29.82	
780	0	26.4	
781	0.166667	23.24	
782	0	21.75	
783	0	20.32	
784	0.583333	19.4	
785	2.333333	17.64	
786	3.916667	16.8	
787	1.35	16.39	
788	0.233333	15.98	
789	0	17.64	
790	0	18.51	
791	0.083333	19.85	
792	0.083333	19.4	
793	0	19.4	
794	0.166667	19.18	
795	0	18.95	
796	0	18.51	
797	0.166667	18.07	
798	0.066667	17.64	
799	0	17.43	
800	0	17.22	
801	0	16.8	
802	0	16.59	
803	0	16.39	
804	0	15.98	
805	0	15.59	
806	0.25	15.19	
807	0	15	
808	0	14.81	
809	0	14.43	
810	0	14.06	
811	0	13.78	
812	0	13.88	
813	0	13.97	
814	0	13.69	
815	0	13.51	
816	0	13.33	
817	0	13.33	
818	0	13.33	
819	0	13.33	
820	0	13.33	
821	0	13.06	
822	0	13.15	
823	0	13.24	
824	0	12.97	
825	0	12.71	
826	0	12.8	
827	0	12.88	
828	0	12.62	
829	0	12.39	
830	0	12.51	
831	0	12.28	
832	0	12.11	
833	0	11.94	
834	0	11.68	
835	0	11.74	
836	0	11.81	
837	0	11.87	
838	0	11.61	
839	0	11.44	
840	0	11.28	
841	0	11.28	
842	0	11.28	
843	0	11.02	
844	0	11.09	
845	0	11.15	
846	0	11.22	
847	0	10.96	
848	0.833333	10.71	
849	0	10.77	
850	0	10.84	
851	0	10.9	
852	0	10.65	
853	0	10.42	
854	0	10.49	
855	0	10.57	
856	0	10.34	
857	0	10.08	
858	0	10.11	
859	0	10.15	
860	0	10.19	
861	0	10.23	
862	0	10.27	
863	0	10.3	
864	0.5	10.04	
865	0	9.8	
866	0	9.86	
867	0	9.92	
868	0	9.98	
869	0	9.74	
870	0	9.5	
871	0	9.55	
872	0	9.6	
873	0	9.64	
874	0	9.69	
875	4.066667	9.45	
876	0.416667	9.74	
877	0.483333	10.14	
878	0.616667	9.94	
879	0	10.34	
880	0.216667	10.96	
881	0.683333	11.61	
882	1.733333	11.94	
883	0.633333	12.11	
884	0.15	12.28	
885	0.566667	12.45	
886	2	12.62	
887	1.016667	12.28	
888	0.483333	11.94	
889	0.233333	11.77	
890	0.116667	11.61	
891	2.316667	11.28	
892	1.096667	12.28	
893	0.65	12.62	
894	1.066667	12.97	
895	2.3	13.33	
896	7.7	13.69	
897	8.566667	16.39	
898	7.15	15.19	
899	1.833333	51.89	
900	4	92.45	
901	14.31667	140.63	
902	5.15	148.57	
903	5.666667	192.4	
904	5.516667	207.94	
905	5.833333	372.24	
906	7.166667	603.9	
907	12.5	722.81	
908	11.75	894.39	
909	9.583333	929.45	
910	6.5	1028.89	
911	6.733333	1094.97	
912	2.75	1061.61	
913	4.483333	1045.17	
914	6.65	1012.77	
915	4.733333	1018.11	
916	3.566667	1002.1	
917	4.9	996.81	
918	5.066667	970.54	
919	5.816667	929.45	
920	7.233333	909.31	
921	1.25	812.73	
922	0.166667	824	
923	2.166667	791	
924	0.166667	771.45	
925	0.166667	803.44	
926	0.333333	680.3	
927	0	547.55	
928	0	454.63	
929	0	241.33	
930	0	192.4	
931	0	140.63	
932	0	128.5	
933	0	118.44	
934	0.25	111.57	
935	0.65	108.89	
936	0	106.25	
937	0.083333	102.37	
938	0	97.33	
939	0.333333	87.73	
940	0.416667	77.66	
941	0.083333	70.35	
942	0	63.49	
943	0	58.86	
944	0	57.06	
945	0.083333	56.62	
946	0	56.18	
947	0.233333	54.44	
948	0.083333	53.58	
949	0.833333	52.73	
950	0.483333	52.31	
951	0.483333	51.89	
952	0	51.06	
953	0	50.23	
954	0	49.41	
955	0	48.61	
956	0	47.81	
957	0.066667	47.02	
958	0.166667	46.23	
959	0	45.85	
960	0	45.46	
961	0.083333	44.95	
962	0	45.2	
963	0.25	44.69	
964	0.666667	44.31	
965	0.5	43.93	
966	0.75	43.56	
967	0.066667	43.19	
968	0.083333	42.69	
969	0	42.94	
970	0	42.44	
971	0.25	46.23	
972	0.5	43.97	
973	0.833333	41.71	
974	0	40.98	
975	0	40.26	
976	0.083333	39.9	
977	1.65	39.55	
978	0.083333	39.2	
979	0	38.85	
980	0.083333	38.51	
981	0.066667	38.16	
982	0	73.43	
983	0	67.36	
984	0	65.41	
985	0	62.54	
986	0	60.68	
987	0	58.86	
988	0	56.18	
989	0.083333	53.58	
990	0	50.23	
991	0	49.41	
992	0.166667	47.81	
993	0.333333	47.02	
994	0.166667	46.23	
995	0.566667	44.69	
996	0.083333	41.71	
997	0.083333	40.98	
998	0.416667	40.26	
999	0.083333	39.9	
1000	0	39.55	
1001	0	38.85	
1002	0.233333	38.39	
1003	0.25	38.62	
1004	0	38.16	
1005	0	37.82	
1006	0.333333	37.47	
1007	0.033333	37.13	
1008	0	36.79	
1009	0	36.46	
1010	0	36.12	
1011	0	35.68	
1012	0	35.9	
1013	0	35.46	
1014	0	35.13	
1015	0	34.8	
1016	0.066667	34.28	
1017	0	34.41	
1018	0	34.54	
1019	0.166667	34.67	
1020	0.916667	34.15	
1021	0	33.83	
1022	2.5	33.51	
1023	0	36.12	
1024	0	38.85	
1025	1.083333	39.55	
1026	12.33333	39.2	
1027	23.73333	38.85	
1028	4.983333	38.16	
1029	1.25	51	
1030	0	919.34	
1031	0	874.73	
1032	0	803.44	
1033	0	676.13	
1034	0	410.62	
1035	0	315.11	
1036	0	226.34	
1037	0	183.06	
1038	0	140.63	
1039	0	122.69	
1040	0	107.56	
1041	0	90.07	
1042	0	82.04	
1043	0	75.53	
1044	0	67.36	
1045	0	62.54	
1046	0	58.86	
1047	0	56.18	
1048	0	54.44	
1049	0	53.58	
1050	4	51.06	
1051	0	48.61	
1052	11.16667	341.58	
1053	23.5	398.56	
1054	6.2	435	
1055	0.466667	453	
1056	0	444.97	
1057	0	529.53	
1058	0	467.71	
1059	0	419.82	
1060	0	366.54	
1061	0	333.5	
1062	0	302.38	
1063	0	203.99	
1064	0.066667	170.47	
1065	0	132.97	
1066	2.333333	104.94	
1067	0.5	90.07	
1068	0	75.53	
1069	0	71.37	
1070	0	64.44	
1071	0	59.76	
1072	0	55.3	
1073	0	52.73	
1074	0	51.48	
1075	0	50.23	
1076	0	49.82	
1077	0	49.41	
1078	0	49.01	
1079	0	48.61	
1080	0	47.81	
1081	0	47.02	
1082	0	45.46	
1083	0	43.93	
1084	0	43.19	
1085	0	42.44	
1086	0	42.08	
1087	0	41.71	
1088	0.066667	40.26	
1089	0	39.55	
1090	0	39.02	
1091	0	39.2	
1092	0	39.38	
1093	0	38.85	
1094	0	38.16	
1095	0.25	37.47	
1096	0	36.8	
1097	0	36.12	
1098	0	35.79	
1099	0	35.46	
1100	0	35.13	
1101	0	34.8	
1102	0	34.48	
1103	0	34.15	
1104	0	33.51	
1105	0.5	33.51	
1106	0	33.51	
1107	0	33.09	
1108	0.066667	33.3	
1109	0.166667	32.88	
1110	0	32.25	
1111	0	31.84	
1112	0	32.04	
1113	0	31.63	
1114	0	31.22	
1115	0.733333	31.43	
1116	0.5	31.02	
1117	0.066667	30.57	
1118	0	30.72	
1119	0.033333	30.87	
1120	0.316667	30.42	
1121	0.416667	51.89	
1122	1.05	56.18	
1123	0.966667	51.89	
1124	1.516667	47.81	
1125	0.9	43.93	
1126	0.333333	40.26	
1127	0.083333	39.55	
1128	0.083333	38.85	
1129	0.666667	37.47	
1130	0.083333	36.12	
1131	0.083333	35.46	
1132	0.4	34.8	
1133	0.9	33.51	
1134	0.833333	32.1	
1135	0.416667	32.57	
1136	0.566667	33.04	
1137	0	31.63	
1138	0	32.25	
1139	0.233333	32.88	
1140	0	33.51	
1141	0	32.88	
1142	0	33.51	
1143	0	34.8	
1144	0.7	38.85	
1145	1.266667	62.54	
1146	0.616667	80.93	
1147	4.25	79.5	
1148	0.833333	81.2	
1149	0	82.2	
1150	0	86	
1151	0	84.5	
1152	0	85.5	
1153	0	88	
1154	0	86.9	
1155	0	86.9	
1156	0	86.2	
1157	0	85.4	
1158	0	83.16	
1159	0	82.04	
1160	0	65.41	
1161	0	60.68	
1162	0	54.44	
1163	0	49.41	
1164	0.166667	46.23	
1165	0	39.55	
1166	0	38.85	
1167	0	38.51	
1168	0	38.16	
1169	0	37.82	
1170	0	37.47	
1171	0	37.13	
1172	0	36.79	
1173	0	36.12	
1174	0	35.46	
1175	0	34.8	
1176	0	34.15	
1177	0	33.51	
1178	0	32.88	
1179	0	31.63	
1180	0	30.42	
1181	0	30	
1182	0	29.82	
1183	0	29.38	
1184	0	29.52	
1185	0	29.67	
1186	0	29.23	
1187	0	28.65	
1188	0	28.6	
1189	0	28.65	
1190	0.083333	28.08	
1191	0	27.51	
1192	0	27.23	
1193	0	26.95	
1194	1.083333	26.68	
1195	0	26.4	
1196	0	25.97	
1197	0	26.08	
1198	0	26.18	
1199	0	26.29	
1200	0	25.86	
1201	0	25.43	
1202	0	25.54	
1203	0	25.64	
1204	0	25.75	
1205	0	25.32	
1206	0	25.06	
1207	0	24.79	
1208	0	24.39	
1209	0	24.53	
1210	0	24.66	
1211	0	24.26	
1212	0	23.79	
1213	0	23.83	
1214	0	23.87	
1215	0.9	23.91	
1216	0.083333	23.95	
1217	1.15	23.99	
1218	1.166667	24.02	
1219	0	24.06	
1220	0	24.1	
1221	0	24.14	
1222	0	24.18	
1223	0	24.22	
1224	0	23.75	
1225	0	23.75	
1226	0	23.75	
1227	0	23.75	
1228	0	23.75	
1229	0	24.26	
1230	0	24.79	
1231	0	25.32	
1232	0	25.86	
1233	0	26.95	
1234	0	27.51	
1235	0	27.23	
1236	0	26.95	
1237	0.833333	26.54	
1238	0	26.68	
1239	0.133333	26.81	
1240	0	26.4	
1241	0	26.04	
1242	0	26.22	
1243	0	25.86	
1244	0	25.5	
1245	0	25.68	
1246	0	25.32	
1247	0	25.06	
1248	0	24.79	
1249	0	24.26	
1250	0	24.3	
1251	0	23.24	
1252	0	22.99	
1253	0	22.73	
1254	0	22.4	
1255	0	22.57	
1256	0	22.24	
1257	0	21.83	
1258	0	21.91	
1259	0	22	
1260	0	22.08	
1261	0	22.16	
1262	0	21.75	
1263	0	21.38	
1264	0	21.51	
1265	0	21.63	
1266	0	21.26	
1267	0	20.88	
1268	0	20.98	
1269	0	21.07	
1270	0	21.17	
1271	0	20.79	
1272	0	19.85	
1273	0	19.85	
1274	0	19.85	
1275	0	19.85	
1276	0	19.85	
1277	0	19.55	
1278	0	19.7	
1279	0	19.4	
1280	0	18.51	
1281	0	19.4	
1282	0	18.95	
1283	0	19.8	
1284	0	20.11	
1285	0	18.95	
1286	0	18.66	
1287	0	18.8	
1288	0	18.51	
1289	0	18.22	
1290	0	18.36	
1291	0	18.07	
1292	0	17.73	
1293	0	17.81	
1294	0	17.9	
1295	0	17.98	
1296	0	17.64	
1297	0	17.64	
1298	0	17.64	
1299	0	17.64	
1300	0	17.64	
1301	0	17.64	
1302	0	17.64	
1303	0	17.64	
1304	0	17.64	
1305	0	17.25	
1306	0.083333	17.29	
1307	0.083333	17.32	
1308	0	17.36	
1309	0	17.39	
1310	0	17.43	
1311	0	17.47	
1312	0	17.5	
1313	0	17.53	
1314	0	17.57	
1315	0	17.6	
1316	0	17.22	
1317	0	17.01	
1318	0	16.8	
1319	0	16.59	
1320	0	16.39	
1321	0	16.05	
1322	0	16.12	
1323	0	16.18	
1324	0	16.25	
1325	0	16.32	
1326	0	15.98	
1327	0	15.63	
1328	0	15.66	
1329	0	15.7	
1330	0	15.73	
1331	0	15.77	
1332	0	15.8	
1333	0	15.84	
1334	0	15.87	
1335	0	15.91	
1336	0	15.94	
1337	0	15.59	
1338	0	15.26	
1339	0	15.32	
1340	0	15.39	
1341	0	15.46	
1342	0	15.52	
1343	0	15.19	
1344	0	14.81	
1345	0	14.81	
1346	0	14.81	
1347	0	14.81	
1348	0	14.81	
1349	0	14.81	
1350	0	14.48	
1351	0	14.54	
1352	0	14.59	
1353	0	14.65	
1354	0	14.7	
1355	0	14.76	
1356	0	14.43	
1357	0	14.09	
1358	0	14.13	
1359	0	14.16	
1360	0	14.19	
1361	0	14.23	
1362	0	14.26	
1363	0	14.3	
1364	0	14.33	
1365	0	14.36	
1366	0	14.4	
1367	0	14.06	
1368	0	13.69	
1369	0	13.69	
1370	0	13.69	
1371	0	13.69	
1372	0	13.69	
1373	0	13.69	
1374	0	13.69	
1375	0	13.39	
1376	0	13.45	
1377	0	13.51	
1378	0	13.57	
1379	0	13.63	
1380	0	13.33	
1381	0	13	
1382	0	13.04	
1383	0	13.07	
1384	0	13.1	
1385	0	13.13	
1386	0	13.17	
1387	0	13.2	
1388	0	13.23	
1389	0	13.26	
1390	0	13.3	
1391	0	12.97	
1392	0	12.62	
1393	0	12.62	
1394	0	12.4	
1395	0	12.24	
1396	0	12.45	
1397	0	12.62	
1398	0	12.45	
1399	0	12.4	
1400	0	12.62	
1401	0	11.44	
1402	0	12.2	
1403	0	12.11	
1404	0	12	
1405	0	12.11	
1406	0	12.7	
1407	0	12.4	
1408	0	12.7	
1409	0	11.86	
1410	0	11.78	
1411	0	12.53	
1412	0	12.62	
1413	1	12.36	
1414	0.666667	12.45	
1415	0	12.53	
1416	0.5	12.28	
1417	0	12.28	
1418	0	12.28	
1419	0	12.28	
1420	0	12.28	
1421	0	12.28	
1422	1.333333	12.28	
1423	1.583333	11.97	
1424	1.583333	12	
1425	2.833333	12.03	
1426	0.25	12.06	
1427	0.333333	12.09	
1428	0.416667	12.13	
1429	0.666667	12.16	
1430	0.833333	12.19	
1431	2.166667	12.22	
1432	0.666667	12.25	
1433	0.25	11.94	
1434	0.166667	11.66	
1435	0.333333	11.7	
1436	0	11.75	
1437	0.166667	11.8	
1438	0	11.85	
1439	0	11.89	
1440	0	11.61	
1441	0	11.77	
1442	0	11.94	
1443	0	12.11	
1444	0	12.28	
1445	0.166667	12.58	
1446	0.066667	12.54	
1447	1.416667	12.51	
1448	0.65	12.47	
1449	1.166667	12.43	
1450	1.833333	12.39	
1451	2	12.36	
1452	0.333333	12.32	
1453	0.083333	12.62	
1454	0	13.33	
1455	0	16.39	
1456	0	15.4	
1457	0	15.8	
1458	0	15.5	
1459	0	15.9	
1460	0	16.5	
1461	0	16.1	
1462	0	16.92	
1463	0	17.64	
1464	0	16.39	
1465	0	15.19	
1466	0	15.59	
1467	0	15.98	
1468	0	16.53	
1469	0	16.25	
1470	0	16.8	
1471	0	17.17	
1472	0	17.13	
1473	0	17.08	
1474	0	17.03	
1475	0	16.99	
1476	0	16.94	
1477	0	16.89	
1478	0	16.85	
1479	1.666667	17.22	
1480	0	16.9	
1481	0.083333	17.01	
1482	0	17.11	
1483	0	16.8	
1484	0	16.47	
1485	0	16.55	
1486	0	16.64	
1487	0	16.72	
1488	0	16.39	
1489	0	16.18	
1490	0	15.98	
1491	0	15.72	
1492	0	15.85	
1493	0	15.59	
1494	0	15.32	
1495	0	15.46	
1496	0	15.19	
1497	0	14.89	
1498	0	14.96	
1499	0	15.04	
1500	0	15.11	
1501	0.166667	14.81	
1502	0	14.56	
1503	0	14.68	
1504	0.333333	14.43	
1505	0.25	14.25	
1506	0	14.06	
1507	0	13.75	
1508	0	13.81	
1509	0	13.88	
1510	0	13.94	
1511	0	14	
1512	0	13.69	
1513	0	13.69	
1514	0	13.69	
1515	0	13.69	
1516	0	13.39	
1517	0	13.45	
1518	0	13.51	
1519	0	13.57	
1520	0	13.63	
1521	0	13.33	
1522	0	13.02	
1523	0	13.07	
1524	0	13.12	
1525	0	13.18	
1526	0	13.23	
1527	0	13.28	
1528	0	12.97	
1529	5.166667	12.62	
1530	0	15.19	
1531	0	15.52	
1532	0	15.46	
1533	0	15.39	
1534	0	15.32	
1535	0	15.26	
1536	0	15.59	
1537	0	15.29	
1538	0	15.39	
1539	0	15.49	
1540	0	15.19	
1541	0	14.94	
1542	0	15.06	
1543	0	14.81	
1544	0	14.62	
1545	0	14.43	
1546	0	14.25	
1547	0	14.06	
1548	0	13.69	
1549	0	13.33	
1550	0	13.15	
1551	0	12.97	
1552	0	12.66	
1553	0	12.7	
1554	0	12.74	
1555	0	12.78	
1556	0	12.81	
1557	0	12.85	
1558	0	12.89	
1559	0	12.93	
1560	0	12.62	
1561	0	12.62	
1562	0	12.62	
1563	0	12.62	
1564	0	12.62	
1565	0	12.62	
1566	0	12.62	
1567	0	12.62	
1568	0	12.62	
1569	0	12.62	
1570	0	12.62	
1571	0	12.62	
1572	0	12.31	
1573	0	12.35	
1574	0	12.38	
1575	0	12.42	
1576	0	12.45	
1577	0	12.48	
1578	0	12.52	
1579	0	12.55	
1580	0	12.59	
1581	0	12.28	
1582	0	12.05	
1583	0	12.17	
1584	0	11.94	
1585	0	11.94	
1586	0	11.94	
1587	0	11.94	
1588	0	11.94	
1589	0	11.94	
1590	0	11.94	
1591	0	11.94	
1592	0	11.94	
1593	0	11.94	
1594	0	11.94	
1595	0	11.94	
1596	0	11.64	
1597	0	11.66	
1598	0	11.69	
1599	0	11.71	
1600	0	11.74	
1601	0	11.76	
1602	0	11.79	
1603	0	11.81	
1604	0	11.84	
1605	0	11.86	
1606	0	11.89	
1607	0	11.91	
1608	0	11.61	
1609	0	11.61	
1610	0	11.61	
1611	0	11.61	
1612	0	11.61	
1613	0	11.61	
1614	0	11.61	
1615	0	11.61	
1616	0	11.61	
1617	0	11.61	
1618	0	11.61	
1619	0	11.61	
1620	0	11.61	
1621	0	11.31	
1622	0	11.34	
1623	0	11.36	
1624	0	11.39	
1625	0	11.42	
1626	0	11.44	
1627	0	11.47	
1628	0	11.5	
1629	0	11.53	
1630	0	11.55	
1631	0	11.58	
1632	0	11.28	
1633	0	11.28	
1634	0	11.28	
1635	0	10.97	
1636	0	10.99	
1637	0	11	
1638	0	11.02	
1639	0	11.03	
1640	0	11.05	
1641	0	11.06	
1642	0	11.08	
1643	0	11.09	
1644	0	11.11	
1645	0	11.12	
1646	0	11.13	
1647	0	11.15	
1648	0	11.16	
1649	0	11.18	
1650	0	11.19	
1651	0	11.21	
1652	0	11.22	
1653	0	11.24	
1654	0	11.25	
1655	0	11.27	
1656	0	10.96	
1657	0	10.96	
1658	0	10.96	
1659	0	10.96	
1660	0	10.96	
1661	0	10.96	
1662	0	10.96	
1663	0	10.96	
1664	0	10.96	
1665	0	10.96	
1666	0	10.96	
1667	0	10.96	
1668	0	10.96	
1669	0	10.96	
1670	0	10.96	
1671	0	10.96	
1672	0	10.96	
1673	0	10.65	
1674	0	10.34	
1675	0	9.86	
1676	0	9.98	
1677	0	10.1	
1678	0	10.22	
1679	0	9.74	
1680	0	9.45	
1681	0	9.45	
1682	0	9.45	
1683	0	9.45	
1684	0	9.45	
1685	0	9.45	
1686	0	9.18	
1687	0	9.19	
1688	0	9.21	
1689	0	9.22	
1690	0	9.24	
1691	0	9.25	
1692	0	9.27	
1693	0	9.28	
1694	0	9.3	
1695	0	9.31	
1696	0	9.33	
1697	0	9.34	
1698	0	9.36	
1699	0	9.37	
1700	0	9.39	
1701	0	9.4	
1702	0	9.42	
1703	0	9.43	
1704	0	9.16	
1705	0	8.89	
1706	0	8.9	
1707	0	8.91	
1708	0	8.93	
1709	0	8.94	
1710	0	8.95	
1711	0	8.96	
1712	0	8.97	
1713	0	8.98	
1714	0	9	
1715	0	9.01	
1716	0	9.02	
1717	0	9.03	
1718	0	9.04	
1719	0	9.06	
1720	0	9.07	
1721	0	9.08	
1722	0	9.09	
1723	0	9.1	
1724	0	9.11	
1725	0	9.13	
1726	0	9.14	
1727	0	9.15	
1728	0	9.16	
1729	0	9.136	
1730	0	9.085	
1731	0	9.02	
1732	0	8.987	
1733	0	8.936	
1734	0	8.917	
1735	0	8.88	
1736	0	8.856	
1737	0	8.74	
1738	0	8.707	
1739	0	8.688	
1740	0	8.68	
1741	0	8.69	
1742	0	8.71	
1743	0	8.73	
1744	2	8.74	
1745	0.166667	8.76	
1746	0.083333	8.78	
1747	0	8.8	
1748	0	8.81	
1749	0	8.83	
1750	0	8.805	
1751	0.083333	8.735	
1752	2.333333	8.655	
1753	0.083333	8.64	
1754	0.5	8.61	
1755	2	8.61	
1756	0.483333	8.61	
1757	0.283333	8.61	
1758	0.233333	8.61	
1759	0.166667	8.61	
1760	0.083333	8.61	
1761	0	8.61	
1762	0.166667	8.61	
1763	0	8.61	
1764	0.083333	8.61	
1765	0	8.61	
1766	0	8.725	
1767	0	8.753	
1768	0.083333	8.8	
1769	0.833333	8.88	
1770	0.25	9.052	
1771	0	9.08	
1772	0	9.085	
1773	0	9.094	
1774	0	9.1	
1775	0.533333	9.12	
1776	0.3	9.16	
1777	0	9.16	
1778	0	9.16	
1779	0	9.16	
1780	0	9.16	
1781	0	9.16	
1782	0	9.16	
1783	0	9.16	
1784	0	9.16	
1785	0	9.155	
1786	0	9.155	
1787	0	9.155	
1788	0	9.15	
1789	0.166667	9.132	
1790	0	9.122	
1791	0	9.12	
1792	0	9.1	
1793	0	9.094	
1794	0.166667	9.06	
1795	0	9.07	
1796	0	9.066	
1797	0	9.066	
1798	0	9.04	
1799	0	9	
1800	0	8.945	
1801	0	8.926	
1802	0	8.88	
1803	0	8.88	
1804	0	8.847	
1805	0	8.814	
1806	0	8.725	
1807	0	8.72	
1808	0	8.711	
1809	0	8.68	
1810	0	8.69	
1811	0	8.71	
1812	0	8.73	
1813	0	8.74	
1814	0	8.76	
1815	0	8.78	
1816	0	8.8	
1817	0	8.81	
1818	3.833333	8.83	
1819	0.083333	8.85	
1820	0	8.86	
1821	0	8.61	
1822	0	8.74	
1823	0	8.88	
1824	0	9.45	
1825	0	9.64	
1826	3	9.55	
1827	0.366667	9.74	
1828	0	10.14	
1829	0	9.94	
1830	0	10.34	
1831	0	10.55	
1832	0	10.44	
1833	0	10.65	
1834	0	10.37	
1835	0	10.39	
1836	0	10.42	
1837	0	10.44	
1838	0	10.47	
1839	0	10.49	
1840	0	10.52	
1841	0	10.55	
1842	0	10.57	
1843	0	10.6	
1844	0	10.62	
1845	0	10.34	
1846	0	9.94	
1847	0	10.14	
1848	0	9.74	
1849	0	9.74	
1850	0	9.74	
1851	0	9.74	
1852	0	9.74	
1853	0	9.74	
1854	0	10.6	
1855	0	9.7	
1856	0	10	
1857	0	10.8	
1858	0	10.4	
1859	0	10.4	
1860	0	10.2	
1861	0	10.2	
1862	0	10.2	
1863	0	10.5	
1864	0	10.4	
1865	0	10.3	
1866	0	10.6	
1867	0	10.04	
1868	0	9.89	
1869	0	9.74	
1870	0	9.55	
1871	0	9.64	
1872	0	9.45	
1873	0	9.45	
1874	0	9.23	
1875	0	9.31	
1876	0	9.38	
1877	0	9.16	
1878	0	8.92	
1879	0	8.96	
1880	0	9	
1881	0	9.04	
1882	0	9.08	
1883	0	9.12	
1884	0	8.88	
1885	0	8.65	
1886	0	8.69	
1887	0	8.73	
1888	0	8.76	
1889	0	8.8	
1890	0	8.84	
1891	0	8.61	
1892	0	8.39	
1893	0	8.45	
1894	0	8.5	
1895	0	8.56	
1896	0	8.34	
1897	0	9.74	
1898	0	8.57	
1899	0	8.81	
1900	0	9.04	
1901	0	9.27	
1902	0	9.51	
1903	0	8.34	
1904	0	8.09	
1905	0	8.11	
1906	0	8.13	
1907	0	8.15	
1908	0	8.17	
1909	0	8.19	
1910	0	8.2	
1911	0	8.22	
1912	0	8.24	
1913	0	8.26	
1914	0	8.28	
1915	0	8.3	
1916	0	8.32	
1917	0	8.07	
1918	0	7.94	
1919	0	7.81	
1920	0	8.08	
1921	0	9.08	
1922	0	10.34	
1923	0	11.61	
1924	0	12.88	
1925	0	14.14	
1926	0	15.41	
1927	0	16.68	
1928	0	17.94	
1929	0	19.21	
1930	0	20.48	
1931	0	21.75	
1932	0	23.01	
1933	0	24.28	
1934	0	25.55	
1935	0	26.81	
1936	0	7.81	
1937	0	7.68	
1938	0	7.56	
1939	0	7.37	
1940	0	7.43	
1941	0	7.5	
1942	0	7.31	
1943	0	7.19	
1944	0	7.07	
1945	0	7.07	
1946	0	6.89	
1947	0	6.95	
1948	0	7.01	
1949	0	6.83	
1950	0	6.61	
1951	0	6.64	
1952	0	6.66	
1953	0	6.69	
1954	0	6.71	
1955	1.75	6.73	
1956	0	6.76	
1957	0	6.78	
1958	0	6.81	
1959	0	6.59	
1960	0	6.39	
1961	0	6.42	
1962	1.5	6.44	
1963	0.25	6.47	
1964	0	6.49	
1965	0	6.52	
1966	0	6.54	
1967	0	6.57	
1968	2.666667	6.37	
1969	1.666667	6.37	
1970	1.666667	6.37	
1971	6.166667	6.37	
1972	3	6.37	
1973	1.166667	6.37	
1974	3.5	6.37	
1975	2.416667	6.37	
1976	3.666667	7.07	
1977	4.283333	7.32	
1978	3.166667	7.56	
1979	10.08333	8.88	
1980	13.33333	10.34	
1981	5.416667	11.94	
1982	1.333333	19.85	
1983	0.5	56	
1984	1.333333	58.86	
1985	4.416667	51.89	
1986	3.833333	53.16	
1987	3.666667	52.74	
1988	5.083333	52.31	
1989	2	53.58	
1990	1.833333	60.68	
1991	1.25	92.45	
1992	0.083333	90	
1993	0.833333	104.94	
1994	2.416667	98.58	
1995	2.416667	107	
1996	5.166667	107	
1997	2.416667	105	
1998	3.916667	86.57	
1999	1.833333	92.45	
2000	1.25	104.94	
2001	1	111.57	
2002	0.316667	118.44	
2003	0.333333	174.02	
2004	0.25	243.52	
2005	0.666667	232.69	
2006	0.933333	136	
2007	1.333333	118.44	
2008	2.083333	107.56	
2009	2.583333	92.45	
2010	1.916667	80.93	
2011	1.083333	75.53	
2012	1	70.35	
2013	1.083333	65.41	
2014	0.5	63.49	
2015	0.5	62.54	
2016	0.333333	60.68	
2017	0.666667	65.41	
2018	0.75	70.35	
2019	0.583333	75.53	
2020	1	80.93	
2021	4.416667	86.57	
2022	3	95.5	
2023	1.083333	119.85	
2024	0.166667	111.2	
2025	0	92.45	
2026	0.116667	82.04	
2027	0.066667	79.83	
2028	0.066667	78.74	
2029	0	77.66	
2030	0	79.3	
2031	0	82.4	
2032	0	83.16	
2033	0	80.93	
2034	0	72.39	
2035	0	65.41	
2036	0	60.68	
2037	0	57.95	
2038	0	55.3	
2039	0	51.89	
2040	0	49.41	
2041	0	47.81	
2042	0	46.23	
2043	0	44.69	
2044	0	43.19	
2045	0	42.44	
2046	0	41.71	
2047	0	40.98	
2048	0	39.55	
2049	0	38.85	
2050	0	38.16	
2051	0	37.47	
2052	0	36.79	
2053	0	36.25	
2054	0	36.39	
2055	8.916667	36.52	
2056	0.416667	36.66	
2057	0	36.12	
2058	3.166667	35.79	
2059	0	35.46	
2060	0	34.8	
2061	0	34.15	
2062	0	33.51	
2063	0	32.88	
2064	0	32.25	
2065	0	31.94	
2066	0	31.63	
2067	0	31.33	
2068	0	31.02	
2069	0	30.42	
2070	0	29.9	
2071	0	29.82	
2072	0	29.23	
2073	0	28.94	
2074	0	28.65	
2075	0	28.08	
2076	0	29.9	
2077	0	26.2	
2078	0	27.51	
2079	0	29.2	
2080	0	33.51	
2081	0	28.04	
2082	0	29.14	
2083	0	30.23	
2084	0	31.32	
2085	0	32.42	
2086	0	26.95	
2087	0	26.68	
2088	0	26.4	
2089	0	26.04	
2090	0	26.22	
2091	0	25.86	
2092	0	25.4	
2093	0	25.32	
2094	0	25.06	
2095	0	24.79	
2096	0	24.53	
2097	0	24.26	
2098	0	23.75	
2099	0	23.24	
2100	0	22.86	
2101	0	22.99	
2102	0	23.11	
2103	0	22.73	
2104	0	22.32	
2105	0	22.4	
2106	0	22.49	
2107	0	22.57	
2108	0	22.65	
2109	0	22.24	
2110	0	21.91	
2111	0	22.08	
2112	0	21.75	
2113	0	21.75	
2114	0	21.34	
2115	0	21.42	
2116	0	21.51	
2117	0	21.59	
2118	0	21.67	
2119	0	21.26	
2120	0	20.95	
2121	0	21.1	
2122	0	20.79	
2123	0	20.56	
2124	0	20.32	
2125	0	20.01	
2126	0	20.16	
2127	0	19.85	
2128	0	19.55	
2129	0	19.7	
2130	0	19.4	
2131	0	19.1	
2132	0	19.25	
2133	0	18.95	
2134	0	18.66	
2135	0	18.8	
2136	0	18.51	
2137	0	18.51	
2138	0	18.16	
2139	0	18.25	
2140	0	18.33	
2141	0	18.42	
2142	0	18.07	
2143	0	17.78	
2144	0	17.93	
2145	0	17.64	
2146	0	17.36	
2147	0	17.5	
2148	0	17.22	
2149	0	16.94	
2150	0	17.08	
2151	0	16.8	
2152	0	16.53	
2153	0	16.66	
2154	0	16.39	
2155	0	16.05	
2156	0	16.12	
2157	0	16.18	
2158	0	16.25	
2159	0	16.32	
2160	0	15.98	
2161	0	15.64	
2162	0	15.69	
2163	0	15.74	
2164	0	15.78	
2165	0	15.83	
2166	0	15.88	
2167	0	15.93	
2168	0	15.59	
2169	0	15.26	
2170	0	15.32	
2171	0	15.39	
2172	0	15.46	
2173	0	15.52	
2174	0	15.19	
2175	0	14.94	
2176	0	15.06	
2177	0	14.81	
2178	0	14.62	
2179	0	14.43	
2180	0	14.13	
2181	0	14.21	
2182	0	14.28	
2183	0	14.36	
2184	0	14.06	
2185	0	4.79	
2186	0	4.79	
2187	0	4.79	
2188	0	4.79	
2189	0	4.79	
2190	0	4.79	
2191	0	4.79	
2192	0	4.54	
2193	0	4.57	
2194	0	4.6	
2195	0	4.63	
2196	0	4.67	
2197	0	4.7	
2198	0	4.73	
2199	0	4.76	
2200	0	4.51	
2201	0	4.28	
2202	0	4.33	
2203	0	4.38	
2204	0	4.42	
2205	0	4.47	
2206	0	4.24	
2207	0	4.11	
2208	0	3.98	
2209	0	3.98	
2210	0	3.98	
2211	0	3.98	
2212	0	3.98	
2213	0	3.98	
2214	0	3.98	
2215	0	3.98	
2216	0	3.98	
2217	0	3.98	
2218	0	3.48	
2219	0	3.01	
2220	0	2.64	
2221	0	2.72	
2222	0.25	2.79	
2223	0	2.86	
2224	0	2.94	
2225	0	2.57	
2226	0	2.4	
2227	0	2.43	
2228	0	2.46	
2229	0	2.48	
2230	0	2.51	
2231	0	2.54	
2232	0	2.37	
2233	0	2.37	
2234	0	2.37	
2235	0	2.37	
2236	0	2.37	
2237	0	2.37	
2238	0	2.37	
2239	0	2.37	
2240	0	2.37	
2241	0	2.19	
2242	0	2.21	
2243	0	2.22	
2244	0	2.24	
2245	0	2.26	
2246	0	2.28	
2247	0	2.3	
2248	0	2.32	
2249	0	2.33	
2250	0	2.35	
2251	0	2.17	
2252	0	2.02	
2253	0	2.06	
2254	0	2.09	
2255	0	2.13	
2256	0	1.98	
2257	0	1.98	
2258	0	1.98	
2259	0	1.98	
2260	0	1.98	
2261	0	1.98	
2262	0	1.98	
2263	0	1.98	
2264	0	1.81	
2265	0	1.82	
2266	0	1.83	
2267	0	1.84	
2268	0	1.85	
2269	0	1.86	
2270	0	1.87	
2271	0	1.88	
2272	0	1.9	
2273	0	1.91	
2274	0	1.92	
2275	0	1.93	
2276	0	1.94	
2277	0	1.95	
2278	0	1.96	
2279	0	1.97	
2280	0	1.8	
2281	0	1.8	
2282	0	1.8	
2283	0	1.8	
2284	0	1.8	
2285	0.25	1.8	
2286	0.25	1.63	
2287	0	1.64	
2288	0	1.65	
2289	0	1.66	
2290	0	1.67	
2291	0	1.68	
2292	0	1.69	
2293	0	1.7	
2294	0	1.71	
2295	0	1.71	
2296	0	1.72	
2297	0	1.73	
2298	0	1.74	
2299	0	1.75	
2300	0	1.76	
2301	0	1.77	
2302	0	1.78	
2303	0	1.79	
2304	0	1.62	
2305	0	1.62	
2306	0	1.62	
2307	0	1.62	
2308	0.166667	1.62	
2309	0	1.62	
2310	0	1.62	
2311	0	1.62	
2312	0	1.62	
2313	0	1.62	
2314	0	1.62	
2315	0	1.62	
2316	0	1.62	
2317	0	1.62	
2318	0	1.62	
2319	0	1.62	
2320	0	1.62	
2321	0	1.62	
2322	0	1.62	
2323	0	1.62	
2324	1.416667	1.62	
2325	0	1.62	
2326	0	1.62	
2327	0.833333	1.62	
2328	0.75	1.62	
2329	0.166667	1.62	
2330	4.916667	1.62	
2331	10	1.62	
2332	17.66667	1.62	
2333	2.416667	1.62	
2334	1.416667	1.62	
2335	2	1.62	
2336	0.083333	1.62	
2337	9.416667	1.62	
2338	24.66667	1.71	
2339	12.41667	1.8	
2340	4.25	1.98	
2341	3.75	7.28	
2342	4.083333	15.12	
2343	0.25	43.91	
2344	0	100.9	
2345	0	109.9	
2346	3.333333	115.54	
2347	3.75	116.6	
2348	0.75	121.1	
2349	1.666667	123.4	
2350	9.916667	128.34	
2351	1	134.97	
2352	0.916667	125.73	
2353	0.333333	126.4	
2354	0.083333	124.9	
2355	0.416667	125.6	
2356	1.166667	123.4	
2357	0.25	118.9	
2358	0	121.9	
2359	0.166667	121.86	
2360	2.75	124.43	
2361	0.333333	115.1	
2362	0.083333	108.4	
2363	0	77.8	
2364	0	75.74	
2365	0	65.83	
2366	0	61.11	
2367	0	56.56	
2368	0	54.79	
2369	0	52.17	
2370	0	47.13	
2371	0	45.51	
2372	0	40.78	
2373	0	39.26	
2374	2.75	36.31	
2375	0.25	35.58	
2376	0.166667	34.16	
2377	0.083333	33.81	
2378	0	33.45	
2379	0	33.1	
2380	0	32.76	
2381	0	32.07	
2382	0	31.39	
2383	0	30.71	
2384	0	30.38	
2385	0	30.05	
2386	0	29.72	
2387	0	29.39	
2388	0	28	
2389	0	29.2	
2390	0	28.08	
2391	0	26.81	
2392	0	25.56	
2393	0	24.35	
2394	0	23.15	
2395	0	22.57	
2396	0	21.99	
2397	0	21.7	
2398	0	21.42	
2399	0	21.14	
2400	0	20.86	
2401	0	20.58	
2402	0	20.3	
2403	0	19.93	
2404	0	20.12	
2405	0	19.75	
2406	0	19.48	
2407	0	19.21	
2408	0	18.15	
2409	0	17.11	
2410	0	16.6	
2411	0	16.1	
2412	0	15.86	
2413	0	15.61	
2414	0	15.22	
2415	0	15.32	
2416	0	15.41	
2417	0	15.51	
2418	0	15.12	
2419	0	14.65	
2420	0	14.41	
2421	0	14.18	
2422	0	13.95	
2423	0	13.71	
2424	0	14.65	
2425	0	13.25	
2426	0	13.03	
2427	0	12.81	
2428	0	12.59	
2429	0	12.36	
2430	0	12.07	
2431	0	12.22	
2432	0	11.93	
2433	0	11.64	
2434	0	11.79	
2435	0	11.5	
2436	0	11.22	
2437	0	11.36	
2438	0	11.08	
2439	0	10.88	
2440	0	10.67	
2441	0	10.47	
2442	0	10.26	
2443	0	9.99	
2444	0	10.13	
2445	0	9.86	
2446	0	9.66	
2447	0	9.47	
2448	0	9.09	
2449	0	9.09	
2450	0	9.09	
2451	0	8.84	
2452	0	8.96	
2453	0	8.71	
2454	0	8.46	
2455	0	8.59	
2456	0	8.34	
2457	0	8.05	
2458	0	8.12	
2459	0	8.2	
2460	0	8.27	
2461	1.25	7.98	
2462	0.5	7.67	
2463	6.416667	7.71	
2464	5.583333	7.75	
2465	12.58333	7.79	
2466	7.916667	7.82	
2467	1.833333	7.86	
2468	1.75	7.9	
2469	3.583333	7.94	
2470	0.583333	7.63	
2471	0.083333	7.28	
2472	0	28.73	
2473	0	61.11	
2474	0	86	
2475	0	86	
2476	0	82	
2477	0	82	
2478	0	77	
2479	0	75.74	
2480	0	67.76	
2481	0	63.92	
2482	0	60.24	
2483	0.166667	56.56	
2484	0.25	52.17	
2485	0.25	47.96	
2486	0.166667	45.26	
2487	0.583333	46.61	
2488	0.083333	43.91	
2489	0	41.32	
2490	0	42.61	
2491	1.583333	40.02	
2492	0.833333	43.91	
2493	1.083333	97.52	
2494	3.5	109.37	
2495	8.416667	121.86	
2496	3.583333	128.34	
2497	1.916667	134.97	
2498	2.75	140.39	
2499	2.5	148.71	
2500	2.916667	155.81	
2501	2.5	163.07	
2502	1.75	211	
2503	1.666667	350.52	
2504	0.166667	371.8	
2505	1.25	309.73	
2506	0.083333	185.76	
2507	0.166667	148.71	
2508	0	134.97	
2509	0	121.86	
2510	0	115.54	
2511	0	103.37	
2512	0	97.52	
2513	0.666667	115.54	
2514	0	127.03	
2515	0	132.3	
2516	0	120	
2517	2.416667	121.86	
2518	0	119.31	
2519	0	111.82	
2520	0	102.19	
2521	1.583333	91.84	
2522	0.583333	84.15	
2523	0.333333	77.81	
2524	0.5	69.71	
2525	0.666667	65.83	
2526	0.166667	61.11	
2527	0.75	55.67	
2528	0	53.91	
2529	0	50.94	
2530	0	47.96	
2531	0	52.17	
2532	0	56.56	
2533	0.166667	54.79	
2534	0	50.47	
2535	0	48.79	
2536	0.583333	47.96	
2537	0.666667	47.13	
2538	6.916667	45.51	
2539	3.583333	44.97	
2540	0.666667	45.24	
2541	0.25	44.7	
2542	0	45.51	
2543	0	47.13	
2544	0	47.96	
2545	0	58.36	
2546	0	57.46	
2547	0	56.56	
2548	0	55.67	
2549	0	55.23	
2550	0	54.79	
2551	0	48.79	
2552	0	52.17	
2553	0	49.62	
2554	0	45.51	
2555	0	44.7	
2556	0	38.51	
2557	0	37.77	
2558	0	37.03	
2559	0	34.87	
2560	0	32.76	
2561	0	35.58	
2562	0	41.55	
2563	0	40.02	
2564	0	38.51	
2565	0	37.03	
2566	0	37.77	
2567	0	38.51	
2568	2.333333	39.26	
2569	8.583333	39.64	
2570	1.833333	40.02	
2571	2.25	41.55	
2572	1.666667	42.33	
2573	1.333333	43.91	
2574	0.416667	44.7	
2575	0.083333	45.51	
2576	0	44.7	
2577	0	43.11	
2578	0	40.02	
2579	0	56.56	
2580	0	97.52	
2581	0	91.84	
2582	2.5	86.31	
2583	0	75.74	
2584	0	65.83	
2585	0	58.36	
2586	0	55.67	
2587	0	53.04	
2588	0	51.32	
2589	0	52.17	
2590	11	53.91	
2591	8.25	56.56	
2592	3.916667	58.36	
2593	1.916667	61.11	
2594	5	63.92	
2595	0.833333	70.7	
2596	0	75.74	
2597	0	134.97	
2598	0	155.81	
2599	0	160.15	
2600	0	252.99	
2601	0	280.69	
2602	0.083333	262.07	
2603	0	163.07	
2604	6.666667	148.71	
2605	2.833333	134.97	
2606	1.5	109.37	
2607	4.083333	91.84	
2608	1.833333	80.95	
2609	2.083333	72.7	
2610	0.25	67.76	
2611	0.25	73.71	
2612	0	90.72	
2613	0	280.69	
2614	0.916667	549.94	
2615	0.083333	524.31	
2616	0	309.73	
2617	0	204.91	
2618	0	155.81	
2619	0	129.65	
2620	0	119.31	
2621	0	91.84	
2622	0	84.15	
2623	0	75.74	
2624	0	70.7	
2625	0	63.92	
2626	0	61.11	
2627	0	57.46	
2628	0	56.86	
2629	0	57.16	
2630	0	56.56	
2631	0	50.47	
2632	0.416667	49.62	
2633	0.25	48.79	
2634	4.666667	47.13	
2635	15.83333	56.56	
2636	7.5	86.31	
2637	0.916667	109.37	
2638	1.083333	193.63	
2639	0.25	319.7	
2640	0.083333	365.36	
2641	1.25	393.67	
2642	10.33333	524.31	
2643	17.41667	672.31	
2644	29	837.37	
2645	38	1036.63	
2646	31.16667	1255.65	
2647	23.08333	1578	
2648	22.91667	1888.13	
2649	7.833333	2028.98	
2650	3.833333	2174.57	
2651	1.333333	2274.23	
2652	2.583333	2350.95	
2653	2.083333	2427.67	
2654	3.083333	2401.76	
2655	4.75	2350.36	
2656	0.416667	2028.98	
2657	3.25	1796.86	
2658	3.666667	1294.06	
2659	2.666667	658.14	
2660	0.666667	537.06	
2661	0	462.76	
2662	0.416667	409.33	
2663	5.916667	358.96	
2664	7.583333	329.83	
2665	9.5	296.01	
2666	4.416667	265.75	
2667	2.416667	242.29	
2668	0.5	214.81	
2669	0.416667	181.11	
2670	1.083333	148.71	
2671	5.083333	145.91	
2672	2.666667	143.14	
2673	5.083333	141.76	
2674	2.5	244.06	
2675	4.666667	271.31	
2676	18.08333	290.22	
2677	10.33333	338.03	
2678	5.666667	608.33	
2679	7.916667	806.1	
2680	6.333333	1107.46	
2681	2.416667	1180.46	
2682	2.166667	1250	
2683	0.666667	1255.65	
2684	0.25	1305.69	
2685	1.333333	1329.09	
2686	8.333333	1392.44	
2687	5.166667	1019.27	
2688	6.666667	790.68	
2689	3.416667	745.24	
2690	3.166667	727.42	
2691	7.166667	745.24	
2692	13.66667	760.24	
2693	11.58333	775.39	
2694	12.58333	806.1	
2695	8.75	1180.46	
2696	7.166667	1333	
2697	6.5	1535.82	
2698	2.25	2028.98	
2699	4.583333	1796.86	
2700	1.916667	1911.27	
2701	0.416667	1957.96	
2702	0.5	1981.49	
2703	1.833333	1888.13	
2704	1.333333	1412.52	
2705	1.166667	1089.54	
2706	5.5	917.98	
2707	5.5	672.31	
2708	7.75	644.12	
2709	9.416667	690	
2710	7.416667	602.91	
2711	7.583333	701.06	
2712	6.166667	856.4	
2713	7.083333	944.51	
2714	7.833333	1022.72	
2715	13.33333	1118.27	
2716	12	1278.63	
2717	7.833333	1321.26	
2718	6.583333	1352.68	
2719	7.75	1372.49	
2720	8	1535.82	
2721	2.666667	1663.95	
2722	1.5	1888.13	
2723	0.416667	1958.56	
2724	0.166667	2028.98	
2725	0	1981.49	
2726	0	1796.86	
2727	0	934.52	
2728	0	745.24	
2729	0	616.5	
2730	0	524.31	
2731	0	477.21	
2732	0	441.49	
2733	0.25	398.11	
2734	0.333333	365.36	
2735	0	331.87	
2736	0.166667	299.9	
2737	0	278.8	
2738	0.083333	252.99	
2739	0.75	235.28	
2740	0.333333	213.15	
2741	0.333333	190.46	
2742	0.5	178.04	
2743	0.166667	170.56	
2744	0.083333	163.07	
2745	0.75	161.6	
2746	0.166667	158.69	
2747	0.25	154.38	
2748	1.083333	151.53	
2749	0.5	148.72	
2750	0.75	145.91	
2751	0.666667	144.75	
2752	0.333333	144.98	
2753	0	145.22	
2754	0.25	145.45	
2755	0.166667	145.68	
2756	0	144.52	
2757	0	141.76	
2758	0	139.02	
2759	0	137.67	
2760	0	134.97	
2761	0	132.3	
2762	0	130.97	
2763	0	128.34	
2764	0.166667	127.03	
2765	0.5	124.43	
2766	0.166667	121.86	
2767	0.583333	119.31	
2768	0.166667	120.58	
2769	0.416667	118.05	
2770	0.416667	116.79	
2771	0.25	110.59	
2772	0.666667	105.75	
2773	0.583333	104.56	
2774	1.833333	102.19	
2775	1.25	99.84	
2776	0.5	98.68	
2777	0.25	103.37	
2778	0.083333	115.54	
2779	0	121.86	
2780	0	119.31	
2781	0	121.86	
2782	0	124.43	
2783	0	134.97	
2784	0	139.02	
2785	0	143.14	
2786	0	134.97	
2787	0.166667	128.34	
2788	1.416667	120.58	
2789	1.333333	113.05	
2790	3.333333	109.37	
2791	2.166667	103.37	
2792	1.083333	105.75	
2793	0.833333	102.19	
2794	0.666667	109.37	
2795	0	108.16	
2796	0	109.07	
2797	0	108.77	
2798	0	108.46	
2799	0	109.37	
2800	0	134.97	
2801	0	148.71	
2802	0	163.07	
2803	0.25	178.04	
2804	3.083333	157.25	
2805	0.416667	141.76	
2806	0.583333	158.69	
2807	0	124.43	
2808	0.083333	119.31	
2809	0	114.29	
2810	0.166667	110.59	
2811	0.083333	108.16	
2812	0.083333	105.75	
2813	0	103.37	
2814	0.083333	101.01	
2815	0	99.84	
2816	0	98.29	
2817	0.5	99.07	
2818	1	97.52	
2819	0.583333	96.94	
2820	0	96.37	
2821	0	95.8	
2822	0	95.23	
2823	0	96.38	
2824	0	97.52	
2825	0	108.16	
2826	0	98.68	
2827	0	99.84	
2828	0	97.52	
2829	0	96.37	
2830	0	95.23	
2831	0	92.96	
2832	0	91.84	
2833	0	89.61	
2834	0	87.41	
2835	0	85.23	
2836	0	82.01	
2837	0	78.85	
2838	0	76.77	
2839	0	74.72	
2840	0	73.71	
2841	0	71.45	
2842	0.333333	72.21	
2843	0.666667	72.96	
2844	0	70.7	
2845	0	68.73	
2846	0	67.44	
2847	0	68.08	
2848	0.083333	66.79	
2849	0	66.15	
2850	0	66.47	
2851	0	65.83	
2852	0	65.35	
2853	0	64.87	
2854	2.083333	64.4	
2855	0.916667	63.92	
2856	0.333333	62.98	
2857	0	62.98	
2858	0	62.98	
2859	0	62.98	
2860	0	62.28	
2861	0	62.51	
2862	0	62.74	
2863	0	62.04	
2864	0	61.19	
2865	0	61.28	
2866	0	61.36	
2867	0	61.45	
2868	0.083333	61.53	
2869	0	61.62	
2870	0.416667	61.7	
2871	0.083333	61.79	
2872	0	61.87	
2873	0	61.96	
2874	0.166667	61.11	
2875	0.583333	60.5	
2876	0	60.8	
2877	0	60.19	
2878	0	59.58	
2879	0	59.88	
2880	0	59.27	
2881	0	59.27	
2882	0	58.82	
2883	0	58.36	
2884	0	57.91	
2885	0	57.46	
2886	0	56.74	
2887	0	56.92	
2888	0	57.1	
2889	0	57.28	
2890	0	56.56	
2891	0.166667	55.67	
2892	0	55.08	
2893	0	55.38	
2894	0	54.79	
2895	0	54.09	
2896	0	54.26	
2897	0	54.44	
2898	0	54.61	
2899	0	53.91	
2900	0	52.17	
2901	0	51.74	
2902	0	51.32	
2903	0	50.9	
2904	0	50.47	
2905	0	49.62	
2906	0	48.79	
2907	0	47.13	
2908	0	46.73	
2909	0	46.32	
2910	0	45.71	
2911	0	45.92	
2912	0	46.12	
2913	0	45.51	
2914	0	44.97	
2915	0	45.24	
2916	0	44.7	
2917	0	44.11	
2918	0	44.31	
2919	0	44.5	
2920	0	43.91	
2921	0	43.51	
2922	0.666667	43.11	
2923	0	42.33	
2924	0	41.94	
2925	0	41.55	
2926	0	41.17	
2927	0	40.78	
2928	0	40.02	
2929	0	40.02	
2930	0	40.02	
2931	0	40.02	
2932	0	40.02	
2933	0	40.02	
2934	0	40.02	
2935	0	40.02	
2936	0	40.02	
2937	0	40.02	
2938	0	40.02	
2939	0	40.02	
2940	0	40.02	
2941	0	40.02	
2942	0	40.02	
2943	0	39.41	
2944	0	39.56	
2945	0	39.72	
2946	0	39.87	
2947	0	39.26	
2948	0	38.66	
2949	0	38.81	
2950	0	38.96	
2951	0	39.11	
2952	0	38.51	
2953	0	38.51	
2954	0	38.02	
2955	0	38.26	
2956	0	37.77	
2957	0	37.4	
2958	0	37.03	
2959	0	36.67	
2960	0	36.31	
2961	0	35.58	
2962	0	38.51	
2963	0	33.48	
2964	0	34.2	
2965	0	34.92	
2966	0	35.63	
2967	0	36.35	
2968	0	37.07	
2969	0	37.79	
2970	0	32.76	
2971	0	32.19	
2972	0	32.3	
2973	0	32.42	
2974	0	32.53	
2975	0	32.65	
2976	0	32.07	
2977	0	32.07	
2978	0	32.07	
2979	0	31.48	
2980	0	31.56	
2981	0	31.65	
2982	0	31.73	
2983	0	31.82	
2984	0	31.9	
2985	0	31.99	
2986	0	31.39	
2987	1.083333	30.82	
2988	1.083333	30.94	
2989	0.666667	31.05	
2990	1.166667	31.16	
2991	0	31.28	
2992	0	30.71	
2993	0	47.96	
2994	0	109.37	
2995	0	121.86	
2996	0	97.52	
2997	0	86.31	
2998	0	75.74	
2999	0	65.83	
3000	0	56.56	
3001	0	47.96	
3002	0	46.32	
3003	0	44.7	
3004	0	43.11	
3005	0.333333	41.55	
3006	0	40.78	
3007	0	40.02	
3008	0	46.32	
3009	0	37.03	
3010	0	36.55	
3011	0.5	36.79	
3012	1.833333	36.31	
3013	1.25	35.82	
3014	0.5	36.07	
3015	0	35.58	
3016	0	35.05	
3017	0	35.23	
3018	7.75	35.4	
3019	7.5	34.87	
3020	2.833333	47.96	
3021	0.166667	97.52	
3022	0	134.97	
3023	0	163.07	
3024	0	178.04	
3025	0	175	
3026	7	171.98	
3027	1.25	168.98	
3028	1	166.01	
3029	0.25	163.07	
3030	0.083333	161.6	
3031	0	160.15	
3032	0	134.97	
3033	0	121.86	
3034	0	120.58	
3035	0	115.54	
3036	0	86.31	
3037	1.333333	80.95	
3038	0.833333	75.74	
3039	0.5	70.7	
3040	1.083333	73.71	
3041	1.25	75.74	
3042	0.083333	95.23	
3043	0.333333	80.95	
3044	9.166667	75.74	
3045	0.583333	73.71	
3046	0.833333	71.7	
3047	0.666667	69.71	
3048	0	65.83	
3049	0	86.31	
3050	0	82.01	
3051	0	80.95	
3052	0	77.81	
3053	0	76.77	
3054	0	76	
3055	0	76.25	
3056	0	76.51	
3057	0	75.74	
3058	0	70.7	
3059	0	65.83	
3060	0	63.92	
3061	0	58.36	
3062	0	56.56	
3063	0	54.79	
3064	0.25	53.04	
3065	0	49.62	
3066	0	47.97	
3067	0	46.32	
3068	0	45.92	
3069	0	45.51	
3070	0	45.1	
3071	0	44.7	
3072	0	43.91	
3073	0	43.91	
3074	0	43.51	
3075	0	43.11	
3076	0	42.33	
3077	0	41.55	
3078	0	40.78	
3079	0	40.02	
3080	0	39.64	
3081	0	39.26	
3082	0	38.88	
3083	0	38.51	
3084	0	37.77	
3085	0	37.4	
3086	0	37.03	
3087	1.666667	36.31	
3088	0.333333	35.58	
3089	0.166667	34.87	
3090	0	34.16	
3091	0	33.81	
3092	0	33.45	
3093	0	32.93	
3094	0	33.1	
3095	0	33.28	
3096	0	32.76	
3097	0	32.42	
3098	0	32.07	
3099	0	32.76	
3100	0	34.16	
3101	0	34.51	
3102	0	34.87	
3103	0	34.16	
3104	0	33.45	
3105	0	32.82	
3106	0	32.89	
3107	0.666667	32.95	
3108	1.583333	33.01	
3109	1	33.07	
3110	0	33.14	
3111	0	33.2	
3112	0.083333	33.26	
3113	0	33.32	
3114	0.166667	33.39	
3115	0	32.76	
3116	0	32.3	
3117	0	32.53	
3118	0	32.07	
3119	0	31.73	
3120	0	31.39	
3121	0	30.88	
3122	0	31.05	
3123	0.166667	31.22	
3124	1.833333	30.71	
3125	15.66667	43.91	
3126	12.58333	65.83	
3127	1	95.23	
3128	0.166667	97.52	
3129	0	91.84	
3130	0	70.7	
3131	0	65.83	
3132	0	163.07	
3133	1.666667	537.06	
3134	3	576.14	
3135	0	524.31	
3136	4	450.89	
3137	9.166667	193.63	
3138	0	163.07	
3139	0	137	
3140	0	124	
3141	0	134.97	
3142	0	128.34	
3143	0	121.86	
3144	0	115.54	
3145	0	109.37	
3146	0	105.75	
3147	0	101.01	
3148	0	97.52	
3149	0	95.23	
3150	0	90.72	
3151	0	88.51	
3152	0	86.31	
3153	0	84.15	
3154	0	80.95	
3155	0	75.74	
3156	0	66.79	
3157	0	61.11	
3158	0.25	58.36	
3159	1.5	56.56	
3160	3.5	54.79	
3161	0.583333	52.17	
3162	0	47.96	
3163	0	61.11	
3164	0.083333	134.97	
3165	0	141.76	
3166	0	148.71	
3167	0	155.81	
3168	0	163.07	
3169	0	134.97	
3170	0	115.54	
3171	0	86.31	
3172	0	75.74	
3173	0	65.83	
3174	0	61.11	
3175	0	56.56	
3176	0	54.79	
3177	0	52.17	
3178	0	48.8	
3179	0	49.64	
3180	0	50.49	
3181	0	51.33	
3182	2	47.96	
3183	4.583333	61.11	
3184	2.833333	97.52	
3185	0.5	134.97	
3186	0	163.07	
3187	0	130.97	
3188	0	121.86	
3189	0	141.76	
3190	0	134.97	
3191	0	128.34	
3192	0	121.86	
3193	0	115.54	
3194	0	103.37	
3195	0	91.84	
3196	0	79.89	
3197	0	73.71	
3198	0	59.27	
3199	0	56.56	
3200	0	55.67	
3201	0	53.91	
3202	0	53.04	
3203	0	52.6	
3204	0	52.17	
3205	0	51.6	
3206	0	51.89	
3207	0	51.32	
3208	0	56	
3209	0.333333	60	
3210	0.416667	75	
3211	1.25	56.56	
3212	0.833333	55.67	
3213	2	55.23	
3214	0.166667	54.79	
3215	0	53.91	
3216	0	53.04	
3217	0	52.17	
3218	0.5	51.74	
3219	0.5	51.32	
3220	0	50.47	
3221	0.666667	49.62	
3222	0.333333	47.96	
3223	1.166667	47.13	
3224	0.666667	46.73	
3225	0.083333	46.32	
3226	0	43.91	
3227	0	0.88	
3228	0	29.03	
3229	0	14.96	
3230	0	43.11	
3231	0	42.59	
3232	0	42.85	
3233	0.583333	42.33	
3234	5.333333	41.94	
3235	14.33333	41.55	
3236	14.75	41.17	
3237	9.25	40.78	
3238	4.083333	40.27	
3239	4.75	40.53	
3240	9.5	40.02	
3241	16.16667	97.52	
3242	23.83333	150.44	
3243	23.83333	340.1	
3244	10.58333	715.64	
3245	2.316667	869.2	
3246	0	1019.21	
3247	0.25	1333	
3248	0.416667	1313.46	
3249	0.166667	1294.06	
3250	0.416667	1255.65	
3251	1.25	1217.78	
3252	0	1184.17	
3253	0	1036.63	
3254	0	499.27	
3255	0.083333	226.64	
3256	0	210.14	
3257	0	193.63	
3258	0	185.84	
3259	0	178.04	
3260	0.166667	170.48	
3261	0.5	163.07	
3262	0.5	155.81	
3263	0.083333	148.71	
3264	0.166667	134.97	
3265	0	128.34	
3266	0.166667	123.14	
3267	0	116.79	
3268	0.25	111.82	
3269	0.583333	109.37	
3270	0.5	106.95	
3271	0.583333	103.37	
3272	0.916667	100.44	
3273	0.75	97.52	
3274	0.416667	99.84	
3275	0.25	103.37	
3276	0.25	107.87	
3277	0.166667	106.37	
3278	0	104.87	
3279	0.666667	109.37	
3280	0.166667	97.52	
3281	0.083333	96.37	
3282	0	95.23	
3283	0	94.09	
3284	0	92.96	
3285	1.083333	91.84	
3286	0	91.28	
3287	0	90.72	
3288	0	89.61	
3289	0	89.61	
3290	0	89.06	
3291	0	88.51	
3292	0	87.96	
3293	0	87.41	
3294	0	86.31	
3295	0	84.15	
3296	0	80.95	
3297	0.166667	76.48	
3298	2	77.23	
3299	0.25	77.97	
3300	0	78.72	
3301	0	79.46	
3302	0	80.21	
3303	0	75.74	
3304	0	74.72	
3305	0	73.71	
3306	0	72.7	
3307	0	71.7	
3308	0	71.2	
3309	0	70.7	
3310	0	70.21	
3311	0	69.71	
3312	0	68.73	
3313	0	68.73	
3314	0	68.25	
3315	0	67.76	
3316	0	66.79	
3317	0	65.83	
3318	0	64.87	
3319	0	63.92	
3320	0	62.98	
3321	0	62.04	
3322	0	61.11	
3323	0	60.19	
3324	0	59.27	
3325	0	58.82	
3326	0	58.36	
3327	0	57.76	
3328	0	58.06	
3329	0	57.46	
3330	0	56.86	
3331	0	57.16	
3332	0	56.56	
3333	0	56.12	
3334	0	55.67	
3335	0	55.23	
3336	0	54.79	
3337	0	54.2	
3338	0	54.5	
3339	0	53.91	
3340	0	53.48	
3341	0	53.04	
3342	0	52.31	
3343	0	52.46	
3344	0	52.6	
3345	0	52.75	
3346	0.166667	52.9	
3347	0	52.17	
3348	0	51.53	
3349	0	51.74	
3350	0	51.96	
3351	0	51.32	
3352	0	50.59	
3353	0	50.71	
3354	0	50.83	
3355	0	50.96	
3356	0	51.08	
3357	0	51.2	
3358	0	50.47	
3359	0	50.05	
3360	0	49.62	
3361	0	49.62	
3362	0	49.62	
3363	0	49.62	
3364	0	49.62	
3365	0	49.62	
3366	0	48.93	
3367	0	49.07	
3368	0	49.21	
3369	0	49.34	
3370	0	49.48	
3371	0	48.79	
3372	0.5	48.05	
3373	0	48.14	
3374	0	48.24	
3375	0	48.33	
3376	0	48.42	
3377	0	48.51	
3378	0	48.61	
3379	0	48.7	
3380	0	47.96	
3381	0	48.2	
3382	0	46.7	
3383	0	48.6	
3384	0	48	
3385	0	47.5	
3386	0	47.13	
3387	0	46.52	
3388	0	46.73	
3389	0	46.93	
3390	0	46.32	
3391	0	43.91	
3392	0	40.99	
3393	0	41.97	
3394	0	42.94	
3395	0	40.02	
3396	0	39.51	
3397	0	39.77	
3398	0	39.26	
3399	0	38.76	
3400	0	39.01	
3401	0	38.51	
3402	0	36.86	
3403	0	37.41	
3404	0	37.96	
3405	0	36.31	
3406	0	34.88	
3407	0	35.59	
3408	0	34.16	
3409	0	34.16	
3410	0.166667	34.16	
3411	0	34.16	
3412	0	34.51	
3413	0	34.87	
3414	0	35.23	
3415	0	35.58	
3416	0	36.31	
3417	0	40.5	
3418	0	39.45	
3419	0	38.41	
3420	0	37.36	
3421	0	39.1	
3422	0	40.02	
3423	0	39.64	
3424	0	39.26	
3425	0	37.29	
3426	0	38.28	
3427	0	36.31	
3428	0	34.59	
3429	0	35.02	
3430	0	35.45	
3431	0	35.88	
3432	0	34.16	
3433	0	32.96	
3434	0	33.16	
3435	0	33.36	
3436	0	33.56	
3437	0	33.76	
3438	0	33.96	
3439	0	32.76	
3440	0	32.21	
3441	0	32.35	
3442	0	32.48	
3443	0	32.62	
3444	0	32.07	
3445	0	31.56	
3446	0	31.73	
3447	0	31.9	
3448	0	31.39	
3449	0	29.79	
3450	0	30.19	
3451	0	30.59	
3452	0	30.99	
3453	0	29.39	
3454	0	28.95	
3455	0	29.17	
3456	0	28.73	
3457	0	28.08	
3458	0	27.65	
3459	0	27.87	
3460	0	27.44	
3461	0	26.94	
3462	0	27.06	
3463	0	27.19	
3464	0	27.31	
3465	0	26.81	
3466	0	26.22	
3467	0	26.26	
3468	0	26.31	
3469	0	26.35	
3470	0	26.39	
3471	0	26.43	
3472	0	26.47	
3473	0	26.52	
3474	0	26.56	
3475	0	26.6	
3476	0	26.64	
3477	0	26.68	
3478	0	26.73	
3479	0	26.77	
3480	0	26.18	
3481	0	26.18	
3482	0	26.18	
3483	0	26.18	
3484	0	26.18	
3485	0	26.18	
3486	0	26.18	
3487	0	26.18	
3488	0	26.18	
3489	0	26.18	
3490	0	26.18	
3491	0	25.6	
3492	0	25.65	
3493	0	25.69	
3494	0	25.74	
3495	0	25.78	
3496	0	25.83	
3497	0	25.87	
3498	0	25.91	
3499	0	25.96	
3500	0	26	
3501	0	26.05	
3502	0	26.09	
3503	0	26.14	
3504	0	25.56	
3505	0	25.56	
3506	0	24.98	
3507	0	25.01	
3508	0	25.05	
3509	0	25.08	
3510	0	25.11	
3511	0	25.14	
3512	0	25.17	
3513	0	25.21	
3514	0	25.24	
3515	0	25.27	
3516	0	25.3	
3517	0	25.34	
3518	0	25.37	
3519	0	25.4	
3520	0	25.43	
3521	0	25.46	
3522	0	25.5	
3523	0	25.53	
3524	0	24.95	
3525	0	24.5	
3526	0	24.65	
3527	0	24.8	
3528	0	24.35	
3529	0	24.35	
3530	0	24.35	
3531	0	24.35	
3532	0	23.9	
3533	0	24.05	
3534	0	24.2	
3535	0	23.75	
3536	0	23.25	
3537	0	23.35	
3538	0	23.45	
3539	0	23.55	
3540	0	23.65	
3541	0	23.15	
3542	0	22.64	
3543	0	22.72	
3544	0	22.79	
3545	0	22.86	
3546	0	22.93	
3547	0	23	
3548	0	23.08	
3549	0	22.57	
3550	0	22.18	
3551	0	22.38	
3552	0	21.99	
3553	0	21.61	
3554	0	21.8	
3555	0	21.42	
3556	0	21	
3557	0	21.14	
3558	0	21.28	
3559	0	20.86	
3560	0	20.44	
3561	0	20.58	
3562	0	20.72	
3563	0	20.3	
3564	0	19.79	
3565	0	19.83	
3566	0	19.88	
3567	0	19.92	
3568	0	19.96	
3569	0	20	
3570	0	20.05	
3571	0	20.09	
3572	0	20.13	
3573	0	20.17	
3574	0	20.22	
3575	0	20.26	
3576	0	19.75	
3577	0	19.75	
3578	0	19.75	
3579	0	19.75	
3580	0	19.75	
3581	0	19.75	
3582	0	19.32	
3583	0	19.43	
3584	0	19.53	
3585	0	19.64	
3586	0	19.21	
3587	0	18.81	
3588	0	18.94	
3589	0	19.07	
3590	0	18.67	
3591	0	18.2	
3592	0	18.25	
3593	0	18.31	
3594	0	18.36	
3595	0	18.41	
3596	0	18.46	
3597	0	18.51	
3598	0	18.57	
3599	0	18.62	
3600	0	18.15	
3601	0	17.68	
3602	0	17.74	
3603	0	17.8	
3604	0	17.86	
3605	0	17.91	
3606	0	17.97	
3607	0	18.03	
3608	0	18.09	
3609	0	17.62	
3610	0	17.14	
3611	0	17.18	
3612	0	17.21	
3613	0	17.25	
3614	0	17.28	
3615	1.666667	17.31	
3616	1.75	17.35	
3617	0	17.38	
3618	0	17.42	
3619	0	17.45	
3620	0	17.48	
3621	0	17.52	
3622	0	17.55	
3623	0	17.59	
3624	0	17.11	
3625	0	17.11	
3626	0	17.11	
3627	0	17.11	
3628	0	17.11	
3629	0	17.11	
3630	0	16.69	
3631	0	16.77	
3632	0	16.86	
3633	0	16.94	
3634	0	17.03	
3635	0	16.6	
3636	0	16.16	
3637	0	16.21	
3638	0	16.27	
3639	0	16.32	
3640	0	16.38	
3641	0	16.43	
3642	0	16.49	
3643	0	16.54	
3644	0	16.1	
3645	0	15.73	
3646	0	15.86	
3647	0	15.98	
3648	0	15.61	
3649	0	15.57	
3650	0	15.53	
3651	0	15.49	
3652	0	15.45	
3653	0	15.41	
3654	0	15.37	
3655	0	15.33	
3656	0	15.29	
3657	0	15.25	
3658	0	15.21	
3659	0	15.17	
3660	0	15.13	
3661	0	15.09	
3662	0	15.05	
3663	0	15.01	
3664	0	14.97	
3665	0	14.93	
3666	0	14.89	
3667	0	14.85	
3668	0	14.81	
3669	0	14.77	
3670	0	14.73	
3671	0	14.69	
3672	0	14.71	
3673	0	14.67	
3674	0	14.69	
3675	0	14.71	
3676	0	14.73	
3677	0	14.75	
3678	0	14.77	
3679	0	14.79	
3680	0	14.81	
3681	0	14.83	
3682	0	14.85	
3683	0	14.87	
3684	0	14.89	
3685	0	14.9	
3686	0	14.92	
3687	0	14.94	
3688	0	14.96	
3689	0	14.98	
3690	0	15	
3691	0	15.02	
3692	0	15.04	
3693	0	15.06	
3694	0	15.08	
3695	0	15.1	
3696	0	14.65	
3697	0	14.65	
3698	0	14.65	
3699	0	14.65	
3700	0	14.65	
3701	0	14.65	
3702	0	14.65	
3703	0	14.65	
3704	0	14.65	
3705	0	14.65	
3706	0	14.65	
3707	0	14.65	
3708	0	14.65	
3709	0	14.65	
3710	0	14.65	
3711	0	14.65	
3712	0	14.23	
3713	0	14.28	
3714	0	14.34	
3715	0	14.39	
3716	0	14.44	
3717	0	14.49	
3718	0	14.55	
3719	0	14.6	
3720	0	14.57	
3721	0	14.5	
3722	0	14.43	
3723	0	14.4	
3724	0	14.3	
3725	0	14.24	
3726	0	14.18	
3727	0	14.18	
3728	0	14.18	
3729	0	14.18	
3730	0	14.18	
3731	0	14.18	
3732	0	14.18	
3733	0	14.18	
3734	0	14.18	
3735	0	14.14	
3736	0	14.13	
3737	0	14.2	
3738	0	14.12	
3739	0	14.07	
3740	0	14.05	
3741	0	14.04	
3742	0	14.09	
3743	0	14.13	
3744	0	14	
3745	0	13.86	
3746	0	13.86	
3747	0	13.71	
3748	0	13.71	
3749	0	13.71	
3750	0	13.71	
3751	0	13.71	
3752	0	13.71	
3753	0	13.71	
3754	0	13.71	
3755	0	13.71	
3756	0	13.71	
3757	0	13.65	
3758	0	13.57	
3759	0	13.57	
3760	0	13.51	
3761	0	13.44	
3762	0	13.48	
3763	0	13.52	
3764	0	13.56	
3765	0	13.6	
3766	0	13.63	
3767	0	13.67	
3768	0	13.61	
3769	0	13.56	
3770	0	13.56	
3771	0	13.47	
3772	0	13.44	
3773	0	13.46	
3774	0	13.25	
3775	0	13.25	
3776	0	13.25	
3777	0	13.25	
3778	0	13.25	
3779	0	13.25	
3780	0	13.25	
3781	0	13.25	
3782	0.666667	13.25	
3783	0	13.25	
3784	0	13.25	
3785	0	13.25	
3786	0	13.25	
3787	0	13.25	
3788	0	13.25	
3789	0	13.25	
3790	0	13.25	
3791	0	13.25	
3792	0	13.25	
3793	0	13.18	
3794	0	13.07	
3795	0	13.05	
3796	0	12.88	
3797	0	12.9	
3798	0	12.92	
3799	0	12.94	
3800	0	12.96	
3801	0	12.98	
3802	0	12.99	
3803	0	13.01	
3804	0	13.03	
3805	0	13.05	
3806	0	13.07	
3807	0	13.09	
3808	0	13.1	
3809	0	13.12	
3810	0	13.14	
3811	0	13.16	
3812	0	13.18	
3813	0	13.19	
3814	0	13.21	
3815	0	13.23	
3816	0	12.81	
3817	0	12.4	
3818	0	12.44	
3819	0	12.48	
3820	0	12.52	
3821	0	12.56	
3822	0	12.61	
3823	0	12.65	
3824	0	12.69	
3825	0	12.73	
3826	0	12.77	
3827	0	12.36	
3828	0	11.96	
3829	0	12	
3830	0	12.03	
3831	0	12.06	
3832	0	12.1	
3833	0	12.13	
3834	0	12.16	
3835	0	12.19	
3836	0	12.23	
3837	0	12.26	
3838	0	12.29	
3839	0	12.33	
3840	0	11.93	
3841	0	11.93	
3842	0	11.93	
3843	0	11.93	
3844	0	11.54	
3845	0	11.58	
3846	0	11.62	
3847	0	11.66	
3848	0	11.7	
3849	0	11.73	
3850	0	11.77	
3851	0	11.81	
3852	0	11.85	
3853	0	11.89	
3854	0	11.5	
3855	0	11.12	
3856	0	11.16	
3857	0	11.21	
3858	0	11.25	
3859	0	11.29	
3860	0	11.33	
3861	0	11.37	
3862	0	11.42	
3863	0	11.46	
3864	0	11.08	
3865	0	11.08	
3866	0	11.08	
3867	0	11.08	
3868	0	11.08	
3869	0	11.08	
3870	0	11.08	
3871	0	10.69	
3872	0	10.72	
3873	0	10.74	
3874	0	10.76	
3875	0	10.78	
3876	0	10.81	
3877	0	10.83	
3878	0	10.85	
3879	0	10.88	
3880	0	10.9	
3881	0	10.92	
3882	0	10.94	
3883	1	10.97	
3884	0	10.99	
3885	0	11.01	
3886	0	11.03	
3887	0	11.06	
3888	0	10.67	
3889	0	10.33	
3890	0	10.4	
3891	0	10.47	
3892	0	10.53	
3893	0	10.6	
3894	0	10.26	
3895	0	9.88	
3896	0	9.9	
3897	0	9.93	
3898	0	9.95	
3899	0	9.97	
3900	0	9.99	
3901	0	10.02	
3902	0	10.04	
3903	0	10.06	
3904	0	10.08	
3905	0	10.1	
3906	0	10.13	
3907	0.666667	10.15	
3908	1.666667	10.17	
3909	0	10.19	
3910	0	10.22	
3911	0.333333	10.24	
3912	1	9.86	
3913	0	9.86	
3914	0	9.86	
3915	0	9.86	
3916	0	9.86	
3917	0	9.86	
3918	0	9.6	
3919	0	9.73	
3920	0	9.47	
3921	0	10.47	
3922	0	10.27	
3923	0	10.07	
3924	0	9.87	
3925	0	9.67	
3926	0	10.67	
3927	0	10.34	
3928	0	10.42	
3929	0	10.51	
3930	0	10.59	
3931	1.666667	10.26	
3932	3.666667	12.1	
3933	7	14.4	
3934	1	18.1	
3935	0	20.6	
3936	0	27	
3937	0	31.6	
3938	0	37.03	
3939	0	29.39	
3940	0	26.81	
3941	0	24.95	
3942	0	23.15	
3943	0	21.42	
3944	0	20.86	
3945	0	20.49	
3946	0	20.67	
3947	0	20.3	
3948	0	19.49	
3949	0	18.67	
3950	0	18.15	
3951	0	17.11	
3952	0	16.86	
3953	0	16.6	
3954	0	16.1	
3955	0	15.77	
3956	0	15.94	
3957	0	15.61	
3958	0	15.28	
3959	0	15.45	
3960	0	15.12	
3961	0	15.12	
3962	0	15.12	
3963	0	15.12	
3964	0	15.12	
3965	0	15.12	
3966	0	15.12	
3967	0	15.12	
3968	0	15.12	
3969	0	15.12	
3970	0	15.12	
3971	0	14.89	
3972	0	14.65	
3973	0	14.41	
3974	0	14.18	
3975	0	13.83	
3976	0	13.95	
3977	0	14.06	
3978	0	13.71	
3979	0	14.49	
3980	0	14.34	
3981	0	14.18	
3982	0	14.02	
3983	0	13.87	
3984	0	14.65	
3985	0	14.22	
3986	0	14.27	
3987	0	14.31	
3988	0	14.35	
3989	0	14.39	
3990	0	14.44	
3991	0	14.48	
3992	0	14.52	
3993	0	14.56	
3994	0	14.61	
3995	0	14.18	
3996	0	13.95	
3997	0	13.71	
3998	0	13.48	
3999	0	13.25	
4000	0	12.86	
4001	0	12.91	
4002	0	12.96	
4003	0	13.01	
4004	0	13.05	
4005	0	13.1	
4006	0	13.15	
4007	0	13.2	
4008	0	12.81	
4009	0	12.51	
4010	0	12.66	
4011	0	12.36	
4012	0	12.07	
4013	0	12.22	
4014	0	11.93	
4015	0	11.61	
4016	0	11.72	
4017	0	11.82	
4018	0	11.5	
4019	0	11.11	
4020	0	11.14	
4021	0	11.17	
4022	0	11.2	
4023	0	11.23	
4024	0	11.26	
4025	0	11.29	
4026	0	11.32	
4027	0	11.35	
4028	0	11.38	
4029	0	11.41	
4030	0	11.44	
4031	0	11.47	
4032	0	11.08	
4033	0	10.4	
4034	0	10.53	
4035	0	10.67	
4036	0	10.81	
4037	0	10.94	
4038	0	10.26	
4039	0	9.88	
4040	0	9.9	
4041	0	9.93	
4042	0	9.95	
4043	0	9.97	
4044	0	9.99	
4045	0	10.02	
4046	0	10.04	
4047	0	10.06	
4048	0	10.08	
4049	0	10.1	
4050	0	10.13	
4051	0	10.15	
4052	0	10.17	
4053	0	10.19	
4054	0	10.22	
4055	0	10.24	
4056	0	9.86	
4057	0	9.86	
4058	0	9.86	
4059	0	9.86	
4060	0	9.86	
4061	0	9.86	
4062	0	9.86	
4063	0	9.86	
4064	0	9.86	
4065	0	9.86	
4066	0	9.86	
4067	0	9.5	
4068	0	9.53	
4069	0	9.55	
4070	0	9.58	
4071	0	9.61	
4072	0	9.64	
4073	0	9.66	
4074	0	9.69	
4075	0	9.72	
4076	0	9.75	
4077	0	9.78	
4078	0	9.8	
4079	0	9.83	
4080	0	9.47	
4081	0	9.12	
4082	0	9.14	
4083	0	9.17	
4084	0	9.19	
4085	0	9.22	
4086	0	9.24	
4087	0	9.27	
4088	0	9.29	
4089	0	9.32	
4090	0	9.34	
4091	0	9.37	
4092	0	9.39	
4093	0	9.42	
4094	0	9.44	
4095	0	9.09	
4096	0	8.75	
4097	0	8.79	
4098	0	8.84	
4099	0	8.88	
4100	0	8.92	
4101	0	8.96	
4102	0	9.01	
4103	0	9.05	
4104	0	8.71	
4105	0	8.71	
4106	0	8.71	
4107	0	8.38	
4108	0	8.41	
4109	0	8.45	
4110	0	8.49	
4111	0	8.53	
4112	0	8.56	
4113	0	8.6	
4114	0	8.64	
4115	0	8.67	
4116	0	8.34	
4117	0	8.71	
4118	0	9.09	
4119	0	9.86	
4120	0	10.67	
4121	0	11.5	
4122	0	10.67	
4123	0	10.33	
4124	0	10.4	
4125	0	10.47	
4126	0	10.53	
4127	0	10.6	
4128	0	10.26	
4129	0	9.92	
4130	0	9.97	
4131	0	10.03	
4132	0	10.09	
4133	0	10.15	
4134	0	10.2	
4135	0	9.86	
4136	0	9.16	
4137	0	9.23	
4138	0	9.3	
4139	0	9.37	
4140	0	9.44	
4141	0	9.51	
4142	0	9.58	
4143	0	9.65	
4144	0	9.72	
4145	0	9.79	
4146	0	9.09	
4147	0	8.77	
4148	0	8.84	
4149	0	8.9	
4150	0	8.96	
4151	0	9.03	
4152	0	8.71	
4153	0	8.71	
4154	0	9.86	
4155	0	10.67	
4156	0	12.43	
4157	0	14.18	
4158	0	13.71	
4159	0	13.25	
4160	0	13.03	
4161	0	12.81	
4162	0	12.36	
4163	0	12.15	
4164	0	11.93	
4165	0	11.72	
4166	0	11.5	
4167	0	11.22	
4168	0	11.36	
4169	0	11.08	
4170	0	10.81	
4171	0	10.94	
4172	0	10.67	
4173	0	10.36	
4174	0	10.47	
4175	0	10.57	
4176	0	10.26	
4177	0	10.26	
4178	0	10.26	
4179	0	10.26	
4180	0	10.26	
4181	0	10.26	
4182	0	10.26	
4183	0	10.26	
4184	0	10.26	
4185	0	10.26	
4186	0	10.26	
4187	0	10.26	
4188	0	10.26	
4189	0	10.06	
4190	0	9.86	
4191	0	9.51	
4192	0	9.55	
4193	0	9.59	
4194	0	9.63	
4195	0	9.66	
4196	0	9.7	
4197	0	9.74	
4198	0	9.78	
4199	0	9.82	
4200	0	9.47	
4201	0	9.47	
4202	0	9.47	
4203	0	9.47	
4204	0	9.47	
4205	0	9.47	
4206	0	12.36	
4207	0	11.97	
4208	0	12.01	
4209	0	12.05	
4210	0	12.09	
4211	0	12.13	
4212	0	12.16	
4213	0	12.2	
4214	0	12.24	
4215	0	12.28	
4216	0	12.32	
4217	0	11.93	
4218	0	11.64	
4219	0	11.79	
4220	0	11.5	
4221	0	11.29	
4222	0	11.08	
4223	0	10.88	
4224	0	10.67	
4225	0	10.67	
4226	0	10.67	
4227	0	10.67	
4228	0	10.67	
4229	0	10.67	
4230	0	10.67	
4231	0	10.67	
4232	0	10.67	
4233	0	10.67	
4234	0	10.67	
4235	0	10.67	
4236	0	10.67	
4237	0	9.93	
4238	0	9.99	
4239	0	10.06	
4240	0	10.13	
4241	0	10.2	
4242	0	10.27	
4243	0	10.33	
4244	0	10.4	
4245	0	10.47	
4246	0	10.53	
4247	0	10.6	
4248	0	9.86	
4249	0	9.86	
4250	0	9.86	
4251	0	9.86	
4252	0	9.86	
4253	0	9.86	
4254	0	9.86	
4255	0	9.86	
4256	0	9.86	
4257	0	9.86	
4258	0	9.86	
4259	0	9.86	
4260	0	9.86	
4261	0	9.86	
4262	0	9.86	
4263	0	9.86	
4264	0	9.86	
4265	0	9.86	
4266	0	9.86	
4267	0	9.86	
4268	0	9.86	
4269	0	9.86	
4270	0	9.86	
4271	0	9.86	
4272	0	9.86	
4273	0	9.86	
4274	0	9.53	
4275	0	9.6	
4276	0	9.66	
4277	0	9.73	
4278	0	9.8	
4279	0	9.47	
4280	0	9.12	
4281	0	9.16	
4282	0	9.19	
4283	0	9.23	
4284	0	9.26	
4285	0	9.3	
4286	0	9.33	
4287	0	9.37	
4288	0	9.4	
4289	0	9.44	
4290	0	9.09	
4291	0	8.77	
4292	0	8.84	
4293	0	8.9	
4294	0	8.96	
4295	0	9.03	
4296	0	8.71	
4297	0	8.71	
4298	0	8.71	
4299	0	8.71	
4300	0	8.71	
4301	0	8.71	
4302	0	8.71	
4303	0	8.71	
4304	0	8.71	
4305	0	8.71	
4306	0	8.71	
4307	0	8.71	
4308	0	8.71	
4309	0	8.71	
4310	0	8.71	
4311	0	8.71	
4312	0	8.71	
4313	0	8.71	
4314	0	8.71	
4315	0	8.4	
4316	0	8.46	
4317	0	8.53	
4318	0	8.59	
4319	0	8.65	
4320	0	8.34	
4321	0	8.34	
4322	0	8.34	
4323	0	8.34	
4324	0	8.34	
4325	0	8.34	
4326	0	8.34	
4327	0	8.34	
4328	0	8.34	
4329	0	8.34	
4330	0	8.34	
4331	0	8.34	
4332	0	8.34	
4333	0	8.34	
4334	0	8.34	
4335	0	8.34	
4336	0	8.34	
4337	0	8.34	
4338	0	8.34	
4339	0	8.34	
4340	0	8.34	
4341	0	8.34	
4342	0	8.34	
4343	0	8.34	
4344	0	8.34	
4345	0	7.99	
4346	0	8.01	
4347	0	8.02	
4348	0	8.04	
4349	0	8.06	
4350	0	8.07	
4351	0	8.09	
4352	0	8.1	
4353	0	8.11	
4354	0	8.13	
4355	0	8.15	
4356	0	8.16	
4357	0	8.18	
4358	0	8.19	
4359	0	8.2	
4360	0	8.22	
4361	0	8.23	
4362	0	8.25	
4363	0	9.3	
4364	0	10.6	
4365	0	12.7	
4366	0	15.2	
4367	0	16.9	
4368	0	18.9	
4369	0	20.83	
4370	0	22.2	
4371	0	23	
4372	0	23.6	
4373	0	23.7	
4374	0	23.5	
4375	0	23.15	
4376	0	21.42	
4377	0	20.86	
4378	0	20.3	
4379	0	19.75	
4380	0	19.21	
4381	0	18.15	
4382	0	16.6	
4383	0	16.1	
4384	0.666667	15.61	
4385	0	15.12	
4386	0	14.65	
4387	0	14.1	
4388	0	14.3	
4389	0	13.7	
4390	0	13.3	
4391	0	13.2	
4392	0	12.9	
4393	0	12.76	
4394	0	12.5	
4395	0	12.7	
4396	0	12.1	
4397	0	11.7	
4398	0	11.7	
4399	0	11.5	
4400	0	10.67	
4401	0	10.26	
4402	0	9.86	
4403	0	9.47	
4404	0	9.09	
4405	0	8.74	
4406	0	8.77	
4407	9	8.81	
4408	1.333333	8.84	
4409	0.166667	8.87	
4410	28	8.9	
4411	8.666667	8.93	
4412	3	8.96	
4413	0.666667	8.99	
4414	0.666667	26.5	
4415	0	32	
4416	0	48	
4417	0	61.84	
4418	0	62.4	
4419	0	64	
4420	0	64.7	
4421	0	66.5	
4422	0	70	
4423	0	70.7	
4424	0	64.87	
4425	0	61.11	
4426	0	58.84	
4427	0	56.56	
4428	0	54.79	
4429	0	46.32	
4430	0	40.02	
4431	0	38.51	
4432	0	37.77	
4433	0	37.03	
4434	0	36.41	
4435	0	36.52	
4436	0	36.62	
4437	0	36.72	
4438	0	36.82	
4439	0	36.93	
4440	0	36.31	
4441	0	34	
4442	0	36.3	
4443	0	34	
4444	0	31.7	
4445	0	33.24	
4446	0	31.4	
4447	0	25.56	
4448	0	24.95	
4449	0	22.57	
4450	0	19.21	
4451	0	18.67	
4452	0	18.15	
4453	0	17.62	
4454	0	17.11	
4455	0	16.6	
4456	0	16.1	
4457	0	15.67	
4458	0	15.73	
4459	0	15.79	
4460	0	15.86	
4461	0	15.92	
4462	0	15.98	
4463	0	16.04	
4464	0	15.61	
4465	0	13.51	
4466	0	13.77	
4467	0	14.04	
4468	0	14.3	
4469	0	14.56	
4470	0	14.82	
4471	0	15.09	
4472	0	15.35	
4473	0	13.25	
4474	0	12.81	
4475	0	12.36	
4476	0	11.5	
4477	0	11.08	
4478	0	10.67	
4479	3.333333	10.26	
4480	0.5	9.86	
4481	0.166667	9.47	
4482	0	9.09	
4483	0	8.77	
4484	0	8.84	
4485	0	8.9	
4486	0	8.96	
4487	0	9.03	
4488	0	8.71	
4489	0	8.71	
4490	0	8.71	
4491	0	8.71	
4492	0	8.71	
4493	0	8.71	
4494	0	8.71	
4495	0	8.71	
4496	0	8.71	
4497	0	8.71	
4498	0	8.46	
4499	0	8.59	
4500	0	8.34	
4501	0	8.01	
4502	0	8.04	
4503	0	8.07	
4504	0	8.1	
4505	0	8.13	
4506	0	8.16	
4507	0	8.19	
4508	0	8.22	
4509	0	8.25	
4510	0	8.28	
4511	0	8.31	
4512	0	7.98	
4513	0	7.67	
4514	0	7.71	
4515	0	7.75	
4516	0	7.79	
4517	0	7.82	
4518	0	7.86	
4519	0	7.9	
4520	0	7.94	
4521	0	7.63	
4522	0	7.37	
4523	0	7.46	
4524	0	7.54	
4525	0	7.28	
4526	0	6.97	
4527	0	7	
4528	0	7.03	
4529	0	7.06	
4530	0	7.09	
4531	0	7.13	
4532	0	7.16	
4533	0	7.19	
4534	0	7.22	
4535	4	7.25	
4536	9.833333	6.94	
4537	3.333333	7.85	
4538	1.416667	7.72	
4539	2.333333	7.59	
4540	0.75	7.46	
4541	3.333333	7.33	
4542	1.833333	7.2	
4543	0.833333	7.07	
4544	0	7.98	
4545	0	7.63	
4546	0	7.28	
4547	0	6.96	
4548	0	6.99	
4549	0	7.01	
4550	0	7.04	
4551	0	7.06	
4552	0	7.09	
4553	0	7.11	
4554	0	7.13	
4555	0	9	
4556	0	9.8	
4557	0	11.9	
4558	0	15.4	
4559	0	18.1	
4560	0	20.9	
4561	0	24.51	
4562	0	25.5	
4563	0	26.1	
4564	0	26.6	
4565	0	26.8	
4566	0	27.6	
4567	0	27.44	
4568	0	26.81	
4569	0	26.18	
4570	0	25.87	
4571	0	25.56	
4572	0	25.26	
4573	0	24.95	
4574	0	24.35	
4575	0	23.75	
4576	0	22.7	
4577	0	22.83	
4578	0	22.96	
4579	0	23.09	
4580	0	23.23	
4581	0	23.36	
4582	0	23.49	
4583	0	23.62	
4584	0	22.57	
4585	0	22.1	
4586	0	20.5	
4587	0	20	
4588	0	18.84	
4589	0	18.2	
4590	0	17.1	
4591	0	16.7	
4592	0	15.12	
4593	0	14.65	
4594	0	14.18	
4595	0	13.25	
4596	0	13.03	
4597	0	12.81	
4598	0	12.59	
4599	0	12.36	
4600	0	11.98	
4601	0	12.03	
4602	0	12.07	
4603	0	12.12	
4604	0	12.17	
4605	0	12.22	
4606	0	12.26	
4607	0	12.31	
4608	0	11.93	
4609	0	11.8	
4610	0	11.2	
4611	0	10.64	
4612	0	10.9	
4613	0	11.15	
4614	0	11.41	
4615	0	11.67	
4616	0	9.86	
4617	0	9.57	
4618	0	9.66	
4619	0	9.76	
4620	0	9.47	
4621	0	9.22	
4622	0	9.34	
4623	0	9.09	
4624	0	8.9	
4625	1.333333	8.71	
4626	0	8.39	
4627	0	8.45	
4628	0	8.5	
4629	0	8.55	
4630	0	8.6	
4631	0	8.66	
4632	0	8.34	
4633	0	7.7	
4634	0	7.77	
4635	0	7.84	
4636	0	7.91	
4637	0	7.99	
4638	0	8.06	
4639	0	8.13	
4640	0	8.2	
4641	0.333333	8.27	
4642	0.666667	7.63	
4643	4.166667	7.89	
4644	0.333333	7.81	
4645	0	7.72	
4646	0	7.98	
4647	0	7.63	
4648	0	7.28	
4649	0	6.94	
4650	0	6.66	
4651	0	6.7	
4652	0	6.75	
4653	0	6.8	
4654	0	6.85	
4655	0	6.89	
4656	0	6.61	
4657	0	6.04	
4658	0	6.11	
4659	0	6.18	
4660	0	6.25	
4661	0	6.33	
4662	0	6.4	
4663	0	6.47	
4664	0	6.54	
4665	1.666667	5.97	
4666	2.166667	5.67	
4667	1.166667	5.37	
4668	0	5.07	
4669	0	4.79	
4670	0	4.6	
4671	0	4.7	
4672	0	4.51	
4673	4	4.76	
4674	0	4.72	
4675	2	4.68	
4676	1	4.65	
4677	0	4.62	
4678	0	4.58	
4679	0	4.55	
4680	0	4.79	
4681	0	5.03	
4682	0	4.99	
4683	0	4.95	
4684	0	4.91	
4685	0	4.87	
4686	0	4.83	
4687	0	5.07	
4688	0	5.33	
4689	0	5.28	
4690	0	5.24	
4691	0	5.2	
4692	0	5.16	
4693	0	5.11	
4694	0	5.37	
4695	0	5.1	
4696	0	5.13	
4697	0	5.16	
4698	0	5.19	
4699	0	5.22	
4700	0	5.25	
4701	0	5.28	
4702	0	5.31	
4703	0	5.34	
4704	0	5.07	
4705	0	5.07	
4706	0	5.07	
4707	0	5.07	
4708	0	5.07	
4709	0	5.07	
4710	0	5.07	
4711	0	5.07	
4712	0	5.07	
4713	0	4.81	
4714	0	4.82	
4715	0	4.84	
4716	0.666667	4.86	
4717	0	4.88	
4718	0	4.89	
4719	0	4.91	
4720	0	4.93	
4721	0	4.95	
4722	0	4.97	
4723	0	4.98	
4724	0	5	
4725	0	5.02	
4726	0	5.04	
4727	0	5.05	
4728	0	4.79	
4729	0	4.79	
4730	0	4.79	
4731	0	4.79	
4732	0	4.79	
4733	0	4.79	
4734	0	4.79	
4735	0	4.79	
4736	0	4.79	
4737	0	4.79	
4738	0	4.79	
4739	0	4.79	
4740	0	4.79	
4741	0	4.53	
4742	0	4.56	
4743	0.166667	4.58	
4744	0	4.6	
4745	0	4.63	
4746	0	4.65	
4747	0	4.67	
4748	0	4.7	
4749	0	4.72	
4750	0	4.74	
4751	0	4.77	
4752	0	4.51	
4753	0	4.51	
4754	0	4.51	
4755	0	4.51	
4756	0	4.51	
4757	0	4.51	
4758	0	4.51	
4759	0	4.51	
4760	0	4.51	
4761	0	4.51	
4762	0	4.51	
4763	0	4.51	
4764	0	4.51	
4765	0	4.51	
4766	0	4.51	
4767	0	4.51	
4768	0	4.51	
4769	0	4.51	
4770	0	4.51	
4771	0	4.51	
4772	0	4.51	
4773	0	4.51	
4774	0	4.51	
4775	0	4.51	
4776	0	4.51	
4777	0	4.51	
4778	0	4.51	
4779	0	4.51	
4780	0	4.51	
4781	0	4.51	
4782	0	4.51	
4783	0	4.51	
4784	0	4.26	
4785	0	4.27	
4786	0	4.29	
4787	0	4.3	
4788	0	4.32	
4789	0	4.34	
4790	0	4.35	
4791	5.666667	4.37	
4792	0	4.38	
4793	0	4.4	
4794	0	4.41	
4795	0.166667	4.43	
4796	0	4.45	
4797	0	4.46	
4798	0	4.48	
4799	0	4.49	
4800	0	4.24	
4801	0	3.99	
4802	0	4	
4803	0	4.01	
4804	0	4.02	
4805	0	4.03	
4806	0	4.05	
4807	0	4.06	
4808	0	4.07	
4809	0	4.08	
4810	0	4.09	
4811	0	4.1	
4812	0	4.11	
4813	0	4.12	
4814	0	4.13	
4815	2.333333	4.14	
4816	0	4.15	
4817	0	4.16	
4818	0.333333	4.17	
4819	0	4.19	
4820	0	4.2	
4821	0	4.21	
4822	0	4.22	
4823	0	4.23	
4824	0	4.2	
4825	0	4.49	
4826	0	4.6	
4827	0	4.67	
4828	0	4.75	
4829	0	4.71	
4830	0	4.9	
4831	0	4.71	
4832	4	4.86	
4833	0	4.97	
4834	1.666667	5.09	
4835	0.75	5.11	
4836	0	5.13	
4837	0	5.15	
4838	0	5.17	
4839	0	5.19	
4840	0	5.21	
4841	0	5.23	
4842	0	5.25	
4843	0	5.27	
4844	0	5.29	
4845	0	5.31	
4846	0.083333	5.33	
4847	0	5.35	
4848	0	5.07	
4849	0	5.07	
4850	0	5.07	
4851	0	5.07	
4852	0	5.07	
4853	0	5.07	
4854	0	5.07	
4855	0	5.07	
4856	0	5.07	
4857	0	5.07	
4858	0	5.07	
4859	0	5.07	
4860	0	5.07	
4861	0	5.07	
4862	0	5.07	
4863	0	5.07	
4864	0	5.07	
4865	0	5.07	
4866	0	5.07	
4867	0	5.07	
4868	0	5.07	
4869	0	5.07	
4870	0	5.07	
4871	0	5.07	
4872	0	5.07	
4873	0	5.5	
4874	0	5.72	
4875	0	6.17	
4876	0	6.43	
4877	0	6.58	
4878	0	6.8	
4879	0	6.69	
4880	0	6.5	
4881	0	6.66	
4882	0	6.7	
4883	0	6.75	
4884	0	6.8	
4885	0	6.85	
4886	0	6.89	
4887	0	6.61	
4888	0	6.33	
4889	0	6.36	
4890	0	6.4	
4891	0	6.43	
4892	0	6.47	
4893	0	6.5	
4894	0	6.54	
4895	0	6.57	
4896	0	6.29	
4897	0	6.29	
4898	0	6.29	
4899	0	6.29	
4900	0	6.29	
4901	0	6.29	
4902	0	6.29	
4903	0	6.29	
4904	0	6	
4905	0	6.03	
4906	0	6.07	
4907	0	6.1	
4908	0	6.13	
4909	0	6.16	
4910	0	6.19	
4911	0	6.23	
4912	0	6.26	
4913	0	5.97	
4914	0	5.71	
4915	0	5.76	
4916	0	5.8	
4917	0	5.84	
4918	0	5.88	
4919	0	5.93	
4920	0	5.67	
4921	0	5.11	
4922	0	5.16	
4923	0	5.2	
4924	0	5.24	
4925	0	5.28	
4926	0	5.33	
4927	0	5.37	
4928	0	5.41	
4929	0	5.46	
4930	0	5.5	
4931	0	5.54	
4932	0	5.58	
4933	0	5.63	
4934	0	5.07	
4935	0	4.82	
4936	0	4.85	
4937	0	4.87	
4938	0	4.9	
4939	0	4.93	
4940	0	4.96	
4941	0	4.99	
4942	0	5.01	
4943	0	5.04	
4944	0	4.79	
4945	0	4.79	
4946	0	4.79	
4947	0	4.79	
4948	0	4.79	
4949	0	4.79	
4950	0	4.79	
4951	0	4.79	
4952	0	4.79	
4953	0	4.55	
4954	0	4.58	
4955	0	4.62	
4956	0	4.65	
4957	0	4.68	
4958	0	4.72	
4959	0	4.76	
4960	0	4.51	
4961	0	4.24	
4962	0	4.02	
4963	0	4.05	
4964	0	4.09	
4965	0	4.13	
4966	0	4.17	
4967	0	4.2	
4968	0	3.98	
4969	0	3.98	
4970	0	3.98	
4971	0	3.98	
4972	0	3.98	
4973	0	3.98	
4974	0	3.98	
4975	0	3.98	
4976	0	3.98	
4977	0	3.79	
4978	0	3.86	
4979	0	3.92	
4980	0	3.73	
4981	0	3.28	
4982	0	3.32	
4983	0	3.36	
4984	0	3.4	
4985	0	3.44	
4986	0	3.49	
4987	0	3.53	
4988	0	3.57	
4989	0	3.61	
4990	0	3.65	
4991	0	3.69	
4992	0	3.24	
4993	0	3.24	
4994	0	3.24	
4995	0	3.24	
4996	0	3.24	
4997	0	3.24	
4998	0	3.24	
4999	0	3.24	
5000	0	3.24	
5001	0	3.24	
5002	0	3.24	
5003	0	3.24	
5004	0	3.24	
5005	0	3.24	
5006	0	3.24	
5007	0	3.24	
5008	0	3.24	
5009	0	3.24	
5010	0	3.24	
5011	0	3.24	
5012	0	3.24	
5013	0	3.24	
5014	0	3.24	
5015	0.166667	3.24	
5016	0.166667	3.24	
5017	0	3.47	
5018	0	3.46	
5019	0	3.45	
5020	0	3.44	
5021	0	3.43	
5022	0	3.42	
5023	0	3.41	
5024	0	3.4	
5025	0	3.39	
5026	0	3.38	
5027	0	3.37	
5028	0	3.36	
5029	0	3.35	
5030	0	3.34	
5031	5.333333	3.33	
5032	10	3.32	
5033	4.666667	3.31	
5034	0	3.3	
5035	0	3.29	
5036	0	3.28	
5037	0	3.27	
5038	0	3.26	
5039	0	3.25	
5040	0	3.14	
5041	0	3.18	
5042	0	3.2	
5043	0	2.88	
5044	0	3.1	
5045	0	2.93	
5046	0	2.96	
5047	0	2.99	
5048	0	3.02	
5049	0	3.05	
5050	0	3.08	
5051	0	3.11	
5052	0	3.13	
5053	0	3.16	
5054	0	3.19	
5055	0	3.22	
5056	0	3.25	
5057	0	3.28	
5058	0	3.31	
5059	0	3.34	
5060	0	3.37	
5061	0	3.39	
5062	0	3.42	
5063	0	3.45	
5064	0	3.87	
5065	0	4.54	
5066	0	4.95	
5067	0	5.23	
5068	0	5.51	
5069	0	5.6	
5070	0	5.43	
5071	0	5.55	
5072	0	5.76	
5073	0	6.06	
5074	0	6	
5075	0	6	
5076	0	6.09	
5077	0	6.03	
5078	0	6.17	
5079	0	6.09	
5080	0	6.13	
5081	0	6.06	
5082	0	6.24	
5083	0	6.09	
5084	0	6.2	
5085	0	6.24	
5086	0	6.4	
5087	0	6.6	
5088	0	6.73	
5089	0	6.94	
5090	0	6.94	
5091	0	6.94	
5092	0	6.94	
5093	0	6.94	
5094	0	6.94	
5095	0	6.94	
5096	0	6.94	
5097	0	6.94	
5098	0	6.94	
5099	0	6.94	
5100	0	6.94	
5101	0	6.94	
5102	0	6.94	
5103	0	6.94	
5104	0	6.94	
5105	0	6.94	
5106	0	6.94	
5107	0	6.94	
5108	0	6.94	
5109	0	6.94	
5110	0	6.94	
5111	0	6.94	
5112	0	6.94	
5113	0	6.94	
5114	0	6.94	
5115	0	6.94	
5116	0	6.94	
5117	0	6.94	
5118	0	6.94	
5119	0	6.94	
5120	0	6.94	
5121	0	6.94	
5122	0	6.94	
5123	0	6.94	
5124	0	6.94	
5125	0	6.94	
5126	0	6.94	
5127	0	6.94	
5128	0	6.77	
5129	0	6.68	
5130	0	6.72	
5131	0	6.76	
5132	0	6.79	
5133	0	6.83	
5134	0	6.87	
5135	0	6.9	
5136	0	6.92	
5137	0	6.95	
5138	0	7	
5139	0	6.77	
5140	0	6.73	
5141	0	6.92	
5142	0	6.77	
5143	0	6.5	
5144	0	6.2	
5145	0	5.87	
5146	0	5.64	
5147	0	5.5	
5148	0	5.6	
5149	0	5.52	
5150	0	5.62	
5151	0	5.72	
5152	0	5.82	
5153	0	5.92	
5154	0	6.02	
5155	0	6.12	
5156	0	5.98	
5157	0	5.76	
5158	0	5.35	
5159	0	4.64	
5160	0	4.24	
5161	0	3.99	
5162	0	4	
5163	0	4.01	
5164	0	4.02	
5165	0	4.03	
5166	0	4.05	
5167	0	4.06	
5168	0	4.07	
5169	0	4.08	
5170	0	4.09	
5171	0	4.1	
5172	0	4.11	
5173	0	4.12	
5174	0	4.13	
5175	0	4.14	
5176	0	4.15	
5177	0	4.16	
5178	0	4.17	
5179	1	4.19	
5180	0.166667	4.2	
5181	0.666667	4.21	
5182	0.5	4.22	
5183	0	4.23	
5184	1.333333	3.98	
5185	0.666667	3.98	
5186	0	3.98	
5187	0	3.98	
5188	0	3.98	
5189	0	3.98	
5190	0	3.98	
5191	0	3.98	
5192	0	3.98	
5193	0	3.98	
5194	0	3.98	
5195	0	3.98	
5196	0	3.98	
5197	0	3.98	
5198	0	3.98	
5199	0	3.98	
5200	0	3.98	
5201	0	3.98	
5202	0	3.98	
5203	0	3.98	
5204	2	3.98	
5205	1.333333	3.98	
5206	0.5	3.98	
5207	1	3.98	
5208	3.166667	4.6	
5209	1	4.64	
5210	0.333333	5	
5211	2.333333	5.64	
5212	2.166667	6.08	
5213	1.5	5.78	
5214	1.166667	5.48	
5215	0	5.18	
5216	0	4.88	
5217	0	4.58	
5218	0	4.28	
5219	0	7.28	
5220	0	7.01	
5221	0	7.08	
5222	0	7.14	
5223	0	7.21	
5224	2	6.94	
5225	7	10.67	
5226	13	12.5	
5227	10	12.2	
5228	7.5	11.89	
5229	7	15	
5230	4.333333	23.6	
5231	1.833333	30.4	
5232	1.166667	42	
5233	1.166667	54.21	
5234	4.333333	55	
5235	2.666667	56.3	
5236	0.5	57.2	
5237	4.666667	59.2	
5238	4.333333	60.8	
5239	0.166667	61.11	
5240	0	58.36	
5241	0	56.56	
5242	0	54.79	
5243	0	54.06	
5244	0	54.2	
5245	0	54.35	
5246	0	54.5	
5247	0	54.64	
5248	0.833333	53.91	
5249	0	53.04	
5250	0	52.29	
5251	0	52.42	
5252	0	52.54	
5253	0	52.67	
5254	0	52.79	
5255	0	52.92	
5256	0	52.17	
5257	0	50.7	
5258	0	49.1	
5259	0	49.4	
5260	0	48.4	
5261	0	46.62	
5262	0	42.5	
5263	1	32.76	
5264	0	32.07	
5265	0	31.39	
5266	0	30.71	
5267	0	30.05	
5268	0	29.39	
5269	0	28.73	
5270	0	28.08	
5271	0	27.44	
5272	0	26.81	
5273	0	26.18	
5274	0	25.65	
5275	0	25.74	
5276	0	25.83	
5277	0	25.91	
5278	0	26	
5279	0	26.09	
5280	0	25.56	
5281	0	23.49	
5282	0	23.84	
5283	0	24.18	
5284	0	24.53	
5285	0	24.87	
5286	0	25.22	
5287	0	23.15	
5288	0	22.57	
5289	0	21.99	
5290	0	21.42	
5291	0	20.86	
5292	0	20.3	
5293	0	19.75	
5294	0	19.21	
5295	0	18.67	
5296	0	18.15	
5297	0	17.62	
5298	0	17.18	
5299	0	17.26	
5300	0	17.33	
5301	0	17.4	
5302	0	17.47	
5303	0	17.55	
5304	0	17.11	
5305	0	16.4	
5306	0	15.89	
5307	0	15.6	
5308	0	15.2	
5309	0	15.27	
5310	0	14	
5311	0	10.67	
5312	0	10.26	
5313	0	9.86	
5314	0	9.47	
5315	0	9.09	
5316	0	8.71	
5317	0	8.34	
5318	0	7.98	
5319	0	7.63	
5320	0	7.28	
5321	0	6.94	
5322	0	6.66	
5323	0	6.7	
5324	0	6.75	
5325	0	6.8	
5326	0	6.85	
5327	0	6.89	
5328	0	6.61	
5329	0	6.06	
5330	0	6.15	
5331	0	6.24	
5332	0	6.34	
5333	0	6.43	
5334	0	6.52	
5335	0	5.97	
5336	0	5.67	
5337	0	5.37	
5338	0	5.07	
5339	0	4.79	
5340	0	4.51	
5341	0	4.24	
5342	0	4	
5343	0	4.03	
5344	0	4.05	
5345	0	4.07	
5346	0	4.1	
5347	0	4.12	
5348	0	4.15	
5349	0	4.17	
5350	0	4.19	
5351	0	4.22	
5352	0	3.98	
5353	0	3.98	
5354	0	3.98	
5355	0	3.98	
5356	0	3.98	
5357	0	3.98	
5358	0	3.98	
5359	0	3.98	
5360	0	3.98	
5361	0	3.98	
5362	0	3.98	
5363	0	3.98	
5364	0	3.98	
5365	0	3.98	
5366	0	3.98	
5367	0	3.98	
5368	0	3.98	
5369	0	3.98	
5370	0	3.98	
5371	0	3.98	
5372	0	3.98	
5373	0	3.98	
5374	0	3.98	
5375	0	3.98	
5376	0	3.98	
5377	0	4.3	
5378	0	4.58	
5379	0	5.2	
5380	0	5.14	
5381	0	5.08	
5382	0	5.02	
5383	0	4.96	
5384	0	4.91	
5385	0	4.85	
5386	0	4.79	
5387	0	4.73	
5388	0	4.68	
5389	0	4.62	
5390	0	4.56	
5391	0	4.5	
5392	0.166667	4.44	
5393	0	4.39	
5394	0	4.33	
5395	0	4.27	
5396	0	4.21	
5397	0	4.15	
5398	0	4.1	
5399	0	4.04	
5400	0	5.37	
5401	0	5.37	
5402	0	5.37	
5403	0	5.37	
5404	0	5.37	
5405	0	5.37	
5406	0	5.37	
5407	0	5.37	
5408	0	5.37	
5409	0	5.09	
5410	0	5.11	
5411	0	5.13	
5412	0	5.14	
5413	0	5.16	
5414	0	5.18	
5415	0	5.2	
5416	0	5.22	
5417	0	5.24	
5418	0	5.26	
5419	0	5.28	
5420	0	5.3	
5421	0	5.31	
5422	0	5.33	
5423	0	5.35	
5424	0	5.07	
5425	0	5.07	
5426	0	5.07	
5427	0	5.07	
5428	0	5.07	
5429	0	5.07	
5430	0	5.07	
5431	0	5.07	
5432	0	5.07	
5433	0	4.81	
5434	0	4.82	
5435	1.5	4.84	
5436	0	4.86	
5437	0	4.88	
5438	0	4.89	
5439	0	4.91	
5440	0	4.93	
5441	0	4.95	
5442	0	4.97	
5443	0	4.98	
5444	0	5	
5445	0	5.02	
5446	0	5.04	
5447	0	5.05	
5448	0	4.79	
5449	0	4.01	
5450	0	4.05	
5451	0	4.08	
5452	0	4.12	
5453	0	4.15	
5454	0	4.18	
5455	0	4.22	
5456	0	4.25	
5457	0	4.28	
5458	0	4.32	
5459	0	4.35	
5460	0	4.39	
5461	0	4.42	
5462	0	4.45	
5463	0	4.49	
5464	0	4.52	
5465	0	4.55	
5466	0	4.59	
5467	0	4.62	
5468	0	4.66	
5469	0	4.69	
5470	0	4.72	
5471	0	4.76	
5472	0	3.98	
5473	0	3.98	
5474	0	3.98	
5475	0	3.98	
5476	0	3.98	
5477	0	3.98	
5478	0	3.98	
5479	0	3.98	
5480	0	3.98	
5481	0	3.98	
5482	0	3.98	
5483	0	3.98	
5484	0	3.98	
5485	0	3.98	
5486	0	3.98	
5487	1.333333	3.98	
5488	0	3.98	
5489	0	3.98	
5490	0	3.98	
5491	1.333333	3.98	
5492	0	3.98	
5493	0	3.98	
5494	0	3.98	
5495	0	3.98	
5496	0	3.98	
5497	0	3.74	
5498	0	3.75	
5499	0	3.76	
5500	0	3.77	
5501	0	3.78	
5502	0	3.79	
5503	0	3.8	
5504	0	3.81	
5505	0	3.82	
5506	0	3.83	
5507	0	3.84	
5508	0	3.86	
5509	0	3.87	
5510	0	3.88	
5511	0.333333	3.89	
5512	0	3.9	
5513	0	3.91	
5514	0	3.92	
5515	0	3.93	
5516	0	3.94	
5517	0	3.95	
5518	0	3.96	
5519	0	3.97	
5520	0	4.6	
5521	0	6	
5522	0	7.9	
5523	0	9.6	
5524	0	10.83	
5525	0	13.6	
5526	0	15.2	
5527	0	17.8	
5528	0	17.62	
5529	0	16.37	
5530	0	15.12	
5531	0	14.65	
5532	0	14.18	
5533	0	13.25	
5534	0	12.36	
5535	0	10.67	
5536	0	9.09	
5537	0	8.72	
5538	0	8.34	
5539	0	7.75	
5540	0	7.87	
5541	0	7.99	
5542	0	8.1	
5543	0.666667	8.22	
5544	4.166667	7.63	
5545	4.5	5.75	
5546	0	6.12	
5547	0	6.5	
5548	0.166667	6.88	
5549	0.666667	7.25	
5550	3.5	5.37	
5551	12.66667	5.12	
5552	3	5.17	
5553	0	5.22	
5554	1	5.27	
5555	0	5.32	
5556	0.333333	5.07	
5557	0	4.65	
5558	0.333333	4.79	
5559	0.333333	4.93	
5560	0	4.51	
5561	0	4.27	
5562	0	4.31	
5563	0	4.34	
5564	0	4.38	
5565	0	4.41	
5566	0	4.44	
5567	0	4.48	
5568	2	4.24	
5569	0.666667	8.2	
5570	0.333333	12.9	
5571	0	14	
5572	0	17.06	
5573	0.5	22.2	
5574	0.166667	27.3	
5575	1	31.2	
5576	0	32.07	
5577	0	30.05	
5578	0	29.39	
5579	0	28.73	
5580	0	28.08	
5581	0	27.76	
5582	0	27.44	
5583	0	27.13	
5584	0	26.81	
5585	0	26.18	
5586	0	25.13	
5587	0	25.3	
5588	0	25.48	
5589	0	25.65	
5590	0	25.83	
5591	0	26	
5592	0	24.95	
5593	0	24.5	
5594	0	22	
5595	0	21.8	
5596	0	20.74	
5597	0	22.14	
5598	0	23.55	
5599	0	15.12	
5600	0	14.65	
5601	0	14.18	
5602	0	13.71	
5603	0	13.48	
5604	0	13.25	
5605	1.5	13.03	
5606	0.833333	12.81	
5607	1.833333	12.59	
5608	0	12.36	
5609	0	11.98	
5610	0	12.04	
5611	0	12.09	
5612	0.333333	12.15	
5613	0.5	12.2	
5614	2.833333	12.25	
5615	1.333333	12.31	
5616	2	11.93	
5617	2.666667	13.46	
5618	0.666667	13.2	
5619	0.166667	12.95	
5620	0	12.69	
5621	0	12.44	
5622	0	12.18	
5623	0	13.71	
5624	0	13.25	
5625	0	12.81	
5626	0	12.36	
5627	3.333333	11.93	
5628	1.5	11.5	
5629	2.5	15.12	
5630	2.833333	43.91	
5631	2.833333	53.1	
5632	0.333333	59.1	
5633	0.833333	58.36	
5634	1.333333	53.8	
5635	0.5	54.56	
5636	0.666667	55.32	
5637	0.5	56.08	
5638	0.333333	56.84	
5639	0.5	57.6	
5640	0	53.04	
5641	0	50.8	
5642	0	44.9	
5643	0	43.89	
5644	0.166667	46.18	
5645	0.083333	48.47	
5646	0.25	44	
5647	0	37.03	
5648	0	35.58	
5649	0	34.87	
5650	0.666667	34.16	
5651	2.666667	32.76	
5652	0	31.39	
5653	0.666667	30.05	
5654	0.5	28.73	
5655	2.5	27.44	
5656	8	26.18	
5657	5	25.56	
5658	3	25.04	
5659	5.833333	25.12	
5660	4.5	25.21	
5661	6	25.3	
5662	7.166667	25.39	
5663	3.833333	25.47	
5664	2.166667	24.95	
5665	0.333333	30.7	
5666	0.833333	37.4	
5667	0.5	44	
5668	0.166667	55.3	
5669	0	60.31	
5670	0.833333	65	
5671	0	74.8	
5672	0	83	
5673	0	86.9	
5674	0	89.7	
5675	0	102.6	
5676	0	106.5	
5677	5.166667	103.37	
5678	0.5	91.84	
5679	2	88.51	
5680	2.166667	84.15	
5681	1.333333	80.95	
5682	0.333333	78.26	
5683	0	78.71	
5684	0	79.16	
5685	0.5	79.6	
5686	0.166667	80.05	
5687	0.833333	80.5	
5688	0	77.81	
5689	0	75.7	
5690	0.166667	66.7	
5691	0.166667	66.7	
5692	0.333333	60.33	
5693	1.166667	61.7	
5694	0.833333	53.8	
5695	1.166667	37.03	
5696	0.333333	36.31	
5697	0.166667	32	
5698	0.666667	27.5	
5699	1.166667	32.0	
5700	7.666667	38.51	
5701	5.333333	36.33	
5702	2	34.16	
5703	0.333333	40.02	
5704	0.166667	56.56	
5705	0.833333	57.46	
5706	0.833333	60.59	
5707	1.166667	60.07	
5708	1	59.55	
5709	1.5	160	
5710	4.166667	200	
5711	3	330	
5712	5.333333	570	
5713	6.833333	973.44	
5714	12	1190	
5715	12.33333	1400	
5716	15.33333	1470	
5717	4.5	1610	
5718	5.666667	1760	
5719	10.83333	1870	
5720	13.66667	1930	
5721	8.666667	1934.56	
5722	2.5	2028.98	
5723	2.666667	1981.49	
5724	2	1663.95	
5725	0.833333	1036.63	
5726	0.166667	745.24	
5727	0.416667	361.09	
5728	0.25	299.9	
5729	0.166667	244.06	
5730	0.666667	200.83	
5731	0.166667	208.04	
5732	6.333333	215.24	
5733	5	222.45	
5734	6.166667	229.65	
5735	2	236.86	
5736	0.166667	193.63	
5737	0	157.54	
5738	0	163.56	
5739	0.833333	169.57	
5740	0	175.59	
5741	0	181.6	
5742	0	187.62	
5743	0	151.53	
5744	0	150.12	
5745	0	145.91	
5746	0	134.97	
5747	0	121.86	
5748	0	109.37	
5749	0	103.37	
5750	0	97.52	
5751	0	92.96	
5752	3.833333	89.61	
5753	8.333333	85.28	
5754	5.166667	80.95	
5755	3.166667	78.33	
5756	0.833333	78.86	
5757	0.666667	79.38	
5758	0.333333	79.9	
5759	0.5	80.43	
5760	0.5	77.81	
5761	0.5	145.9	
5762	0.5	134.55	
5763	1.333333	123.2	
5764	1.5	111.86	
5765	2.333333	100.51	
5766	4	89.16	
5767	3.166667	157.25	
5768	5.666667	154.38	
5769	4.5	145.91	
5770	4.333333	140.39	
5771	2	137.68	
5772	0.5	134.97	
5773	0.5	163.07	
5774	0.416667	185.76	
5775	1.583333	209.83	
5776	1.166667	235.28	
5777	2.5	209.83	
5778	0.5	195.94	
5779	1.666667	198.26	
5780	0.166667	200.57	
5781	0.583333	202.89	
5782	0.5	205.2	
5783	2.833333	207.52	
5784	4.666667	193.63	
5785	1.583333	284.72	
5786	4.333333	269.54	
5787	7.666667	254.36	
5788	6.666667	239.17	
5789	2.5	223.99	
5790	0.666667	208.81	
5791	0.166667	299.9	
5792	0.166667	329.83	
5793	0.25	361.09	
5794	0.333333	393.67	
5795	0	290.22	
5796	0	244.06	
5797	0	201.66	
5798	0	163.07	
5799	0	155.81	
5800	0.833333	148.71	
5801	0.416667	134.97	
5802	0.166667	128.16	
5803	0.25	129.3	
5804	0.166667	130.43	
5805	0.083333	131.57	
5806	0.083333	132.7	
5807	0	133.84	
5808	0.083333	127.03	
5809	0.166667	112.9	
5810	1.166667	99.4	
5811	0.666667	94.84	
5812	0.166667	86.7	
5813	0.666667	80	
5814	0.166667	74.8	
5815	0.5	70.7	
5816	0.666667	67.76	
5817	0.25	67.11	
5818	0.5	67.44	
5819	0.333333	66.79	
5820	0	66.31	
5821	0	65.83	
5822	0	65.35	
5823	0	64.87	
5824	0	64.4	
5825	0	63.92	
5826	1.166667	63.11	
5827	2.5	63.25	
5828	4.5	63.38	
5829	2.833333	63.52	
5830	2.25	63.65	
5831	0.333333	63.79	
5832	0.5	62.98	
5833	0.166667	64.85	
5834	1.5	66.85	
5835	1.166667	68.85	
5836	1.5	70.85	
5837	0.166667	72.85	
5838	0	74.85	
5839	0	76.85	
5840	0	78.33	
5841	0	77.81	
5842	0	76.77	
5843	0	75.74	
5844	0	65.83	
5845	0	65.35	
5846	0	64.87	
5847	0	63.92	
5848	0	63.08	
5849	0	63.19	
5850	0	63.29	
5851	0	63.4	
5852	0	63.5	
5853	0	63.61	
5854	0	63.71	
5855	0	63.82	
5856	0	62.98	
5857	0	58.3	
5858	0	52.84	
5859	0	54.87	
5860	0	56.9	
5861	0	58.93	
5862	0	54.6	
5863	0	48.79	
5864	0	47.96	
5865	0	47.55	
5866	0	47.13	
5867	0	46.73	
5868	0	46.32	
5869	0	45.51	
5870	0	45.1	
5871	0	44.7	
5872	0	44	
5873	0	44.09	
5874	0	44.17	
5875	0	44.26	
5876	0	44.35	
5877	0	44.44	
5878	0	44.52	
5879	0	44.61	
5880	0	43.91	
5881	0	39.28	
5882	0	40.05	
5883	0	40.82	
5884	0	41.6	
5885	0	42.37	
5886	0	43.14	
5887	0	38.51	
5888	0	38.14	
5889	0	37.77	
5890	0	37.4	
5891	0	37.03	
5892	0	36.67	
5893	0	36.31	
5894	0	35.95	
5895	0	35.58	
5896	0	35.23	
5897	0	34.87	
5898	0	34.26	
5899	0	34.36	
5900	0	34.46	
5901	0	34.57	
5902	0	34.67	
5903	0	34.77	
5904	0	34.16	
5905	0	34.16	
5906	0	34.16	
5907	0	34.16	
5908	0	34.16	
5909	0	34.16	
5910	0	34.16	
5911	0	34.16	
5912	0	33.81	
5913	0	33.45	
5914	0	32.07	
5915	0	26.18	
5916	0	20.3	
5917	0	19.21	
5918	0	18.15	
5919	0	17.11	
5920	0	16.1	
5921	0	15.24	
5922	0	15.36	
5923	0	15.49	
5924	0	15.61	
5925	0	15.73	
5926	0	15.86	
5927	0	15.98	
5928	0	15.12	
5929	0	13	
5930	0	13.2	
5931	0	13.39	
5932	0	13.58	
5933	0	13.77	
5934	0	13.97	
5935	0	14.16	
5936	0	14.35	
5937	0	14.54	
5938	0	14.73	
5939	0	14.93	
5940	0	12.81	
5941	0	12.45	
5942	0	12.54	
5943	0.666667	12.63	
5944	0	12.72	
5945	0	12.36	
5946	0	11.99	
5947	0	12.05	
5948	0	12.11	
5949	0	12.18	
5950	0	12.24	
5951	0	12.3	
5952	0	11.93	
5953	0	11.4	
5954	0	12.6	
5955	0.333333	11.8	
5956	0.333333	14	
5957	0.666667	13	
5958	2.166667	14.3	
5959	0	17.03	
5960	0	23.1	
5961	0	26.9	
5962	0	32.76	
5963	0	31.39	
5964	0	30.05	
5965	0	29.39	
5966	0	31.39	
5967	0	34.16	
5968	0	37.03	
5969	2.333333	40.02	
5970	0.333333	43.11	
5971	0	44	
5972	0	45.4	
5973	0.666667	48	
5974	3	48	
5975	2.166667	49.59	
5976	2.666667	50.5	
5977	4.333333	49.2	
5978	1.5	48.4	
5979	1	50.58	
5980	2.666667	48	
5981	1.333333	46	
5982	0.166667	44	
5983	0	42.2	
5984	0	39.1	
5985	0	34.87	
5986	0.5	32.76	
5987	0	31.39	
5988	0	30.05	
5989	0.166667	29.39	
5990	2.833333	31.39	
5991	3.333333	34.16	
5992	0.166667	37.03	
5993	3.666667	40.02	
5994	0.333333	43.11	
5995	0.333333	47.1	
5996	0	49.7	
5997	0	52.7	
5998	0	51.6	
5999	0	49.59	
6000	0	50	
6001	0	48.6	
6002	0	48.2	
6003	0	48.38	
6004	0	46	
6005	0	46	
6006	0	46	
6007	0	46.3	
6008	0	45.1	
6009	1.333333	44.6	
6010	1	44	
6011	1	43.91	
6012	2	40.02	
6013	0.25	36.31	
6014	1.25	32.76	
6015	0.5	29.39	
6016	0.666667	26.18	
6017	0.333333	23.15	
6018	0	20.71	
6019	0	21.11	
6020	0	21.52	
6021	0	21.93	
6022	0	22.34	
6023	0	22.74	
6024	0	22	
6025	0	22.1	
6026	0	23.3	
6027	0	23.8	
6028	0	23.3	
6029	0	28.9	
6030	0	32	
6031	0	35.6	
6032	0	36.7	
6033	0	37.77	
6034	0	37.03	
6035	0	36.31	
6036	0	34.87	
6037	0	34.16	
6038	0	32.76	
6039	0	32.07	
6040	0	31.39	
6041	0	30.71	
6042	0	30.14	
6043	0	30.24	
6044	0	30.33	
6045	0	30.43	
6046	0	30.52	
6047	0	30.62	
6048	0	30.05	
6049	0	29.47	
6050	0	29.56	
6051	0	29.64	
6052	0	29.72	
6053	0	29.8	
6054	0	29.89	
6055	0	29.97	
6056	0	29.39	
6057	0	28.73	
6058	0	28.08	
6059	0	27.44	
6060	0	26.81	
6061	0	26.18	
6062	0	25.56	
6063	0	24.95	
6064	0	24.35	
6065	0	23.75	
6066	0	23.24	
6067	0	23.32	
6068	0	23.41	
6069	0	23.49	
6070	0	23.58	
6071	0	23.66	
6072	0	23.15	
6073	0	20.71	
6074	0	21.11	
6075	0	21.52	
6076	0	21.93	
6077	0	22.34	
6078	0	22.74	
6079	0	20.3	
6080	0	19.75	
6081	0	19.21	
6082	0	18.94	
6083	0	18.67	
6084	0	18.41	
6085	0	18.15	
6086	0	17.67	
6087	0	17.72	
6088	0	17.76	
6089	0	17.81	
6090	0	17.86	
6091	0	17.91	
6092	0	17.96	
6093	0	18.01	
6094	0	18.05	
6095	0	18.1	
6096	0	17.62	
6097	0	19.08	
6098	0	18.94	
6099	0	18.81	
6100	0	18.68	
6101	0	18.55	
6102	0	18.41	
6103	0	18.28	
6104	0	18.15	
6105	0	18.02	
6106	0	17.89	
6107	0	17.75	
6108	0	19.21	
6109	0	18.72	
6110	0	18.76	
6111	0	18.81	
6112	0	18.85	
6113	0	18.9	
6114	0	18.94	
6115	0	18.98	
6116	0	19.03	
6117	0	19.07	
6118	0	19.12	
6119	0	19.16	
6120	0	18.67	
6121	0	18.19	
6122	0	18.24	
6123	0	18.28	
6124	0	18.32	
6125	0	18.37	
6126	0	18.41	
6127	0	18.45	
6128	0	18.5	
6129	0	18.54	
6130	0	18.58	
6131	0	18.63	
6132	0	18.15	
6133	0	17.73	
6134	0	17.83	
6135	0	17.94	
6136	0	18.04	
6137	0	17.62	
6138	0	17.18	
6139	0	17.26	
6140	0	17.33	
6141	0	17.4	
6142	0	17.47	
6143	0	17.55	
6144	0	17.11	
6145	0	15.78	
6146	0	15.94	
6147	0	16.11	
6148	0	16.28	
6149	0	16.44	
6150	0	16.61	
6151	0	16.78	
6152	0	16.94	
6153	0	15.61	
6154	0	15.15	
6155	0	15.19	
6156	0	15.22	
6157	0	15.25	
6158	0	15.28	
6159	0	15.32	
6160	0	15.35	
6161	0	15.38	
6162	0	15.41	
6163	0	15.45	
6164	0	15.48	
6165	0	15.51	
6166	0	15.54	
6167	0	15.58	
6168	0	15.12	
6169	0	13.46	
6170	0	13.67	
6171	0	13.87	
6172	0	14.08	
6173	0	14.29	
6174	0	14.5	
6175	0	14.7	
6176	0	14.91	
6177	0	13.25	
6178	0	12.9	
6179	0	12.99	
6180	0	13.07	
6181	0	13.16	
6182	0	12.81	
6183	0	12.4	
6184	0	12.45	
6185	0	12.49	
6186	0	12.54	
6187	0	12.59	
6188	0	12.63	
6189	0	12.68	
6190	0	12.72	
6191	0	12.77	
6192	0	12.36	
6193	0	12.36	
6194	1	12.36	
6195	0	12.36	
6196	0	12.36	
6197	0	12.36	
6198	0	12.36	
6199	0.166667	12.36	
6200	0.166667	12.36	
6201	0	12.36	
6202	0	12.36	
6203	0	12.36	
6204	0	12.36	
6205	0	12.36	
6206	1.666667	12.04	
6207	4.333333	11.84	
6208	0.666667	11.64	
6209	1	11.45	
6210	0	11.51	
6211	0	11.78	
6212	0	11.84	
6213	0	12.04	
6214	0	12.23	
6215	0	11.96	
6216	0	12	
6217	0	11.77	
6218	0	11.6	
6219	0	11.44	
6220	0	11.27	
6221	0	11.11	
6222	0	10.94	
6223	0	10.78	
6224	0	10.61	
6225	0	10.45	
6226	0	10.28	
6227	0	10.12	
6228	0	9.95	
6229	0	9.79	
6230	0	9.63	
6231	0	9.46	
6232	0	9.3	
6233	0	9.13	
6234	0	8.97	
6235	0.166667	8.8	
6236	0	9.03	
6237	0	9.6	
6238	0	10.27	
6239	0	11.12	
6240	0	11.93	
6241	0	12.3	
6242	0	12.66	
6243	0	12.59	
6244	0	12.52	
6245	0	12.44	
6246	0	12.37	
6247	0	12.3	
6248	0	12.22	
6249	0	12.15	
6250	0	12.08	
6251	0	12	
6252	0	11.91	
6253	0	12.4	
6254	0	12.43	
6255	0	12.47	
6256	0	12.51	
6257	0	12.55	
6258	0	12.59	
6259	0	12.62	
6260	0	12.66	
6261	0	12.7	
6262	0	12.74	
6263	0	12.77	
6264	0	12.36	
6265	0	11.97	
6266	0	12	
6267	0	12.04	
6268	0	12.07	
6269	0	12.11	
6270	0	12.15	
6271	0	12.18	
6272	0	12.22	
6273	0	12.25	
6274	0	12.29	
6275	0	12.32	
6276	0	11.93	
6277	0	11.54	
6278	0	11.57	
6279	0	11.61	
6280	0	11.64	
6281	0	11.68	
6282	0	11.72	
6283	0	11.75	
6284	0	11.79	
6285	0	11.82	
6286	0	11.86	
6287	0	11.89	
6288	0	11.5	
6289	0	11.5	
6290	0	11.5	
6291	0	11.5	
6292	0	11.5	
6293	0	11.5	
6294	0	11.5	
6295	0	11.5	
6296	0	11.5	
6297	0	11.5	
6298	0	11.5	
6299	0	11.5	
6300	0	11.5	
6301	0	11.5	
6302	0	11.12	
6303	0	11.16	
6304	0	11.19	
6305	0	11.23	
6306	0	11.27	
6307	0	11.31	
6308	0	11.35	
6309	0	11.39	
6310	0	11.42	
6311	0	11.46	
6312	0	11.08	
6313	0	9.96	
6314	0	10.06	
6315	0	10.16	
6316	0	10.27	
6317	0	10.37	
6318	0	10.47	
6319	0	10.57	
6320	0	10.67	
6321	0	10.77	
6322	0	10.88	
6323	0	10.98	
6324	0	9.86	
6325	0	9.5	
6326	0	9.53	
6327	0	9.57	
6328	0	9.6	
6329	0	9.63	
6330	0	9.66	
6331	0	9.7	
6332	0	9.73	
6333	0	9.76	
6334	0	9.8	
6335	0	9.83	
6336	0	9.47	
6337	0	9.12	
6338	0	9.14	
6339	0	9.17	
6340	0	9.19	
6341	0	9.22	
6342	0	9.24	
6343	0	9.27	
6344	0	9.29	
6345	0	9.32	
6346	0	9.34	
6347	0	9.37	
6348	0	9.39	
6349	0	9.42	
6350	0	9.44	
6351	0	9.09	
6352	0	8.9	
6353	0	8.71	
6354	0	8.39	
6355	0	8.45	
6356	0	8.5	
6357	0	8.55	
6358	0	8.6	
6359	0	8.66	
6360	0	8.34	
6361	0	8.01	
6362	0	8.04	
6363	0	8.07	
6364	0	8.1	
6365	0	8.13	
6366	0	8.16	
6367	0	8.19	
6368	0	8.22	
6369	0	8.25	
6370	0	8.28	
6371	0	8.31	
6372	0	7.98	
6373	0	7.66	
6374	0	7.69	
6375	0	7.72	
6376	0	7.75	
6377	0	7.78	
6378	0	7.81	
6379	0	7.83	
6380	0	7.86	
6381	0	7.89	
6382	0	7.92	
6383	0	7.95	
6384	0	7.63	
6385	0	7.63	
6386	0	7.63	
6387	0	7.63	
6388	0	7.63	
6389	0	7.63	
6390	0	7.63	
6391	0	7.63	
6392	0	7.63	
6393	0	7.63	
6394	0	7.63	
6395	0	7.63	
6396	0	7.63	
6397	0	7.31	
6398	0	7.34	
6399	0	7.37	
6400	0	7.4	
6401	0	7.43	
6402	0	7.46	
6403	0	7.48	
6404	0	7.51	
6405	0	7.54	
6406	0	7.57	
6407	0	7.6	
6408	0	7.28	
6409	0	7.28	
6410	0	7.28	
6411	0	7.28	
6412	0	7.28	
6413	0	7.28	
6414	0	7.28	
6415	0	7.28	
6416	0	7.28	
6417	0	7.28	
6418	0	7.28	
6419	0	7.28	
6420	0	7.28	
6421	0	7.28	
6422	0	7.28	
6423	0	7.28	
6424	0	7.28	
6425	0	7.28	
6426	0	7.28	
6427	0	7.28	
6428	0	7.28	
6429	0	7.28	
6430	0	7.28	
6431	0	7.28	
6432	0	7.28	
6433	0	6.95	
6434	0	6.97	
6435	0	6.98	
6436	0	7	
6437	0	7.01	
6438	0	7.03	
6439	0	7.04	
6440	0	7.05	
6441	0	7.07	
6442	0	7.08	
6443	0	7.1	
6444	0	7.11	
6445	0	7.12	
6446	0	7.14	
6447	0	7.15	
6448	0	7.17	
6449	0	7.18	
6450	0	7.2	
6451	0	7.21	
6452	0	7.22	
6453	0	7.24	
6454	0	7.25	
6455	0	7.27	
6456	0	6.94	
6457	0	6.94	
6458	0	6.94	
6459	0	6.94	
6460	0	6.94	
6461	0	6.94	
6462	0	6.94	
6463	0	6.94	
6464	0	6.94	
6465	0	6.94	
6466	0	6.94	
6467	0	6.94	
6468	0	6.94	
6469	0	6.64	
6470	0	6.66	
6471	0	6.69	
6472	0	6.72	
6473	0	6.75	
6474	0	6.78	
6475	0	6.8	
6476	0	6.83	
6477	0	6.86	
6478	0	6.89	
6479	0	6.91	
6480	0	6.61	
6481	0	6.3	
6482	0	6.32	
6483	0	6.33	
6484	0	6.34	
6485	0	6.36	
6486	0	6.37	
6487	0	6.38	
6488	0	6.4	
6489	0	6.41	
6490	0	6.42	
6491	0	6.44	
6492	0	6.45	
6493	0	6.46	
6494	0	6.48	
6495	0	6.49	
6496	0	6.5	
6497	0	6.52	
6498	0	6.53	
6499	0	6.54	
6500	0	6.56	
6501	0	6.57	
6502	0	6.58	
6503	0	6.6	
6504	0	6.29	
6505	0	6.29	
6506	0	6.29	
6507	0	6.29	
6508	0	6.29	
6509	0	6.29	
6510	0	6.29	
6511	0	6.29	
6512	0	6.29	
6513	0	6.29	
6514	0	6.29	
6515	0	6.5	
6516	0	6.62	
6517	0	7.29	
6518	0	7.96	
6519	0	8.33	
6520	0	8.11	
6521	0	7.88	
6522	0	7.65	
6523	0	7.43	
6524	0	7.2	
6525	0	6.97	
6526	0	6.74	
6527	0	6.52	
6528	0	6.22	
6529	0	6.06	
6530	0	5.99	
6531	0	6.14	
6532	0	6.3	
6533	0	6.46	
6534	0	6.62	
6535	0	6.78	
6536	0	6.94	
6537	0	7.1	
6538	0	7.25	
6539	0	7.41	
6540	0	7.57	
6541	0	7.73	
6542	0	7.89	
6543	0	8.05	
6544	0	8.2	
6545	0	8.36	
6546	0	8.52	
6547	0	8.68	
6548	0	8.84	
6549	0	8.07	
6550	0	7.85	
6551	0	7.68	
6552	0	6.4